50
LRU
86
33
38
1
59
25
49
5
25
78
74
44
82
39
3
15
29
13
15
49
27
90
97
35
57
51
39
16
56
98
53
8
44
67
39
7
85
62
43
88
22
22
37
99
12
17
95
87
53
93
64
53
23
50
21
81
58
16
52
64
11
64
90
38
52
49
76
22
58
80
46
79
42
64
89
38
72
85
2
14
25
82
77
7
11
92
51
49
86
49
7
12
23
92
75
83
24
53
33
13
4
75
40
90
29
86
15
69
85
54
75
53
2
63
77
82
18
6
31
39
66
51
37
24
41
97
7
70
83
22
60
76
36
47
11
29
9
35
31
16
37
54
66
16
52
74
50
14
90
6
49
80
91
28
87
71
14
11
6
94
41
45
31
63
89
94
92
60
75
29
67
53
1
68
20
32
53
27
79
10
31
17
97
21
74
59
4
71
40
51
49
34
35
16
54
30
64
72
98
47
63
68
49
8
8
8
97
49
52
75
17
95
3
58
96
71
63
93
71
73
51
64
93
40
19
54
10
42
41
95
70
44
40
1
2
59
10
15
8
36
90
3
64
90
82
69
32
64
62
18
78
16
90
20
15
70
73
85
14
19
30
78
38
46
38
34
2
96
28
84
40
65
55
69
18
98
45
14
21
17
35
60
38
35
51
67
18
25
46
68
64
52
65
78
37
26
98
21
35
74
16
8
26
86
29
72
20
92
74
33
11
99
72
55
6
99
19
6
22
77
84
89
2
19
14
2
81
50
68
65
85
10
52
58
40
50
40
98
76
21
12
97
92
73
26
36
26
96
41
78
57
97
48
17
48
2
1
66
68
8
15
28
75
75
98
33
32
74
80
67
27
42
29
10
47
83
21
16
27
79
36
14
79
31
50
32
55
99
99
92
97
6
20
83
70
46
75
69
72
91
18
99
23
95
10
68
22
80
44
90
45
91
80
46
99
10
42
7
24
41
20
97
69
64
73
35
93
27
55
80
95
61
47
90
42
16
40
72
30
92
64
91
50
15
9
17
64
93
77
41
71
38
3
66
73
1
69
64
97
63
88
66
14
57
3
42
13
81
95
99
98
33
83
96
95
52
59
32
2
4
86
10
17
2
34
65
73
95
76
11
54
94
2
46
35
76
66
60
26
53
50
83
89
31
2
89
93
50
99
46
98
39
68
42
53
96
6
9
51
24
97
7
41
52
98
65
53
8
91
87
51
65
2
68
59
2
31
89
66
61
59
46
4
45
21
87
83
59
45
21
17
78
16
55
51
32
51
77
68
95
95
10
56
98
98
37
25
30
17
6
85
34
16
16
9
52
98
33
52
4
80
79
11
42
96
69
87
57
1
43
46
78
9
18
14
61
88
69
50
33
92
91
33
68
9
16
65
69
7
97
5
21
29
54
37
42
27
58
46
4
28
63
77
7
77
75
43
55
67
33
64
41
11
63
69
96
94
67
22
49
12
50
21
9
67
30
53
25
18
35
93
55
89
84
64
88
71
69
29
22
12
91
12
71
5
43
72
61
73
28
43
87
94
20
51
86
61
96
78
24
38
71
24
15
60
2
1
56
96
56
69
61
18
11
88
99
85
21
83
31
54
12
46
74
10
24
36
36
60
18
75
63
81
45
14
28
99
6
12
63
67
73
31
70
75
68
48
48
94
23
20
49
29
85
58
93
62
66
55
68
3
10
85
81
3
19
33
90
13
33
71
60
96
71
33
70
72
21
29
57
6
96
29
17
48
80
13
70
11
28
9
41
61
91
45
14
80
66
80
11
1
55
5
69
92
21
92
90
54
82
51
43
56
86
22
85
26
90
92
99
60
88
53
13
91
84
26
72
48
43
37
64
13
97
45
8
5
30
95
72
74
63
56
39
81
93
17
41
77
76
43
41
89
84
68
28
74
19
79
77
1
8
44
99
84
53
50
77
48
73
44
29
63
92
77
14
11
62
23
46
90
61
91
34
35
38
62
23
40
81
70
4
94
30
12
40
56
69
5
30
78
12
62
63
39
33
90
30
80
56
24
46
37
87
50
36
15
77
82
18
13
48
21
23
91
65
5
5
83
28
26
9
25
3
56
98
11
71
77
34
29
39
18
63
88
28
95
40
38
28
85
82
57
91
19
65
7
44
43
86
90
92
33
14
71
50
90
70
58
55
14
22
30
30
34
84
84
41
33
43
10
60
22
45
10
91
96
75
78
79
80
47
79
54
48
89
10
78
12
60
29
32
96
26
97
35
95
72
36
82
70
67
58
87
77
53
78
93
77
90
39
75
42
4
5
2
83
40
77
20
92
15
57
67
56
50
33
50
42
36
3
75
74
92
49
20
47
51
57
84
68
29
54
56
30
98
66
17
56
5
36
69
16
48
53
80
29
85
53
69
55
56
96
62
92
61
82
75
72
73
72
31
62
70
52
57
77
37
6
70
65
55
91
54
91
88
46
10
71
14
40
21
80
41
93
28
88
93
63
94
68
76
49
40
81
58
66
22
55
3
6
40
64
71
51
98
15
96
81
77
15
81
95
53
77
96
74
16
76
73
81
90
14
75
56
75
66
25
68
99
50
4
20
38
12
4
1
82
61
11
25
7
36
45
11
51
94
11
17
16
68
32
22
64
67
56
88
35
50
52
85
28
11
64
81
1
59
81
39
71
90
25
14
79
72
81
20
77
89
35
79
91
88
34
99
3
99
73
46
32
6
14
39
49
59
51
14
68
14
41
91
72
33
15
12
75
9
86
77
40
7
67
37
64
74
52
82
10
67
24
30
99
53
10
25
83
64
54
42
70
94
49
51
67
81
65
5
84
8
70
93
99
63
32
11
16
35
69
74
58
99
97
62
7
5
66
82
83
51
42
72
84
79
64
12
95
70
56
93
13
93
92
54
96
47
79
48
61
68
42
61
47
75
83
50
10
77
4
73
52
48
27
67
15
61
46
2
94
84
62
3
41
15
35
86
22
12
82
9
19
47
44
68
81
96
22
9
10
60
16
92
94
23
14
31
10
43
38
86
67
82
37
27
70
43
30
70
85
93
87
29
31
2
2
95
74
38
7
46
33
48
79
53
88
99
91
23
3
13
69
13
34
45
8
15
30
55
34
54
97
41
69
63
9
80
38
51
77
85
17
12
38
35
25
87
31
97
89
66
53
99
37
9
69
33
72
22
79
66
90
57
24
83
88
56
66
16
75
44
17
35
70
9
35
43
11
74
69
54
76
23
85
90
28
18
71
21
77
30
45
91
6
81
55
56
81
87
57
99
8
13
6
54
20
67
23
32
64
36
98
72
97
10
41
65
28
37
76
86
42
96
95
25
71
31
54
12
37
79
96
41
55
20
29
18
90
86
60
34
71
7
52
99
63
76
44
46
34
42
84
68
32
76
26
27
4
98
30
49
99
9
62
62
53
15
7
56
63
80
64
99
99
50
43
39
5
13
81
26
82
77
6
82
98
71
15
35
21
22
58
94
58
91
92
13
6
4
24
19
62
16
94
96
75
4
2
34
39
98
28
79
35
57
5
25
8
81
5
10
75
12
72
16
44
5
75
24
83
74
45
20
37
6
1
26
16
46
88
24
2
75
60
63
52
69
25
76
44
28
78
93
71
65
11
42
56
29
63
27
27
73
28
46
70
19
14
45
78
12
84
31
38
85
63
58
48
72
1
60
34
12
1
59
4
56
72
64
67
44
87
34
65
43
73
5
99
11
4
28
52
22
37
14
71
33
5
42
60
21
22
21
78
28
21
78
57
6
79
36
5
27
59
93
44
5
67
3
77
64
36
34
85
44
23
80
44
6
25
1
52
29
67
46
53
59
25
15
74
72
37
83
82
78
48
64
44
7
70
83
94
44
40
73
78
67
60
53
11
69
6
29
32
11
94
83
39
75
33
68
44
89
34
90
54
61
64
7
13
89
65
55
87
17
35
69
72
32
87
11
68
6
38
14
80
67
54
20
15
10
16
95
46
38
29
52
62
93
61
53
65
56
25
68
44
32
37
4
21
86
53
46
10
44
97
36
42
26
92
20
29
43
81
39
22
19
97
67
94
40
2
61
83
6
58
94
50
66
75
66
90
74
76
43
8
2
93
6
92
24
32
17
13
55
6
76
84
44
35
82
32
33
12
11
52
89
49
62
32
88
99
36
89
9
27
21
80
80
49
76
4
65
55
59
22
27
64
81
2
38
50
93
13
38
94
15
89
98
65
94
62
53
84
56
89
83
65
93
30
85
38
83
23
92
53
73
21
51
97
20
8
44
64
11
48
76
87
1
71
96
80
29
70
41
45
39
62
82
18
95
94
41
61
43
61
76
45
25
63
1
35
19
56
61
81
2
34
53
3
93
78
54
2
40
90
73
6
86
12
92
84
5
95
55
75
82
53
2
48
84
34
98
57
26
1
38
63
17
91
14
98
89
65
92
90
96
37
11
57
54
33
42
42
34
84
7
18
24
92
45
78
70
42
44
82
24
60
58
27
84
36
69
16
60
51
26
29
20
12
71
25
81
66
59
75
62
94
49
6
7
20
57
26
7
39
15
76
8
1
4
53
78
31
73
74
32
96
44
65
21
82
29
15
1
86
88
99
9
48
33
84
28
4
57
74
13
33
68
71
88
21
13
61
89
52
81
57
75
57
23
4
3
6
93
32
7
14
33
53
10
37
11
55
13
42
19
81
89
34
27
3
94
61
34
86
43
55
93
70
36
85
44
97
6
86
48
5
96
52
26
46
17
3
45
55
50
93
5
26
95
53
13
20
27
94
83
14
82
31
86
39
20
79
12
88
48
85
39
96
61
80
86
32
86
78
84
23
2
45
2
22
61
36
54
15
50
47
21
48
76
52
24
94
19
71
86
72
93
46
17
66
92
26
98
46
46
94
8
10
47
68
75
17
79
98
35
82
36
13
29
30
80
4
45
84
61
23
92
93
98
16
31
46
1
98
31
64
15
81
72
11
39
17
90
3
74
12
62
41
24
45
85
94
57
24
31
81
73
90
62
10
80
68
63
62
54
4
20
14
20
11
49
48
24
79
99
8
95
78
70
35
91
42
80
91
75
39
97
58
5
41
43
64
91
19
53
54
63
81
7
84
51
19
18
1
53
40
64
10
27
15
8
23
17
29
13
91
3
33
43
16
95
86
1
59
26
59
8
12
90
74
94
41
83
77
58
82
17
22
21
86
53
1
90
88
41
59
4
4
72
73
18
62
32
84
22
55
37
66
69
95
56
74
76
89
59
82
55
38
48
70
36
98
86
79
17
53
46
17
81
10
28
27
91
19
48
99
92
54
44
63
75
58
77
79
41
42
84
34
78
56
39
1
80
50
4
60
43
2
90
31
85
51
95
25
71
77
95
88
76
39
23
24
81
1
6
98
98
79
75
17
81
66
5
14
92
78
33
77
94
47
78
55
16
70
50
49
97
91
57
40
6
88
74
51
79
13
5
90
78
28
56
9
72
87
69
67
54
61
40
84
38
19
64
84
89
25
42
12
77
71
44
20
18
70
35
65
5
48
38
63
50
83
74
47
86
2
64
37
30
93
64
37
68
14
31
8
46
41
2
77
54
30
32
62
54
9
11
16
81
59
51
20
73
79
28
55
37
96
80
41
1
86
5
23
45
24
4
35
72
21
58
82
87
30
36
49
2
68
57
30
64
12
31
51
68
77
87
8
92
40
5
62
40
24
66
94
60
90
5
37
53
86
97
80
48
30
11
65
86
48
90
43
36
99
26
66
44
77
8
45
4
87
32
93
83
82
57
79
73
3
11
79
68
68
36
61
58
35
91
7
97
64
12
37
3
24
22
58
62
27
73
91
78
32
26
48
20
94
2
82
95
65
96
28
72
12
43
13
83
16
93
54
90
98
67
47
23
18
85
75
11
87
18
6
5
95
28
89
6
33
81
37
34
58
18
60
18
68
49
34
54
67
22
90
80
39
9
4
84
73
59
56
19
48
57
15
27
90
67
93
88
53
12
5
71
16
7
86
30
33
42
53
1
26
4
62
19
70
29
58
24
64
31
93
34
94
35
39
92
5
46
32
72
49
28
34
47
66
11
85
46
43
66
38
23
33
4
65
65
68
47
71
64
88
67
56
67
41
90
58
98
98
18
89
7
3
81
25
90
86
62
10
30
6
80
19
64
62
93
75
72
98
42
79
58
89
91
31
34
1
29
20
85
96
26
67
46
44
87
21
37
91
67
16
25
99
78
19
98
10
29
78
78
81
44
83
91
48
5
60
88
8
43
27
24
37
25
95
88
41
86
70
4
13
46
73
65
60
58
46
85
54
49
17
53
81
71
45
82
15
84
6
24
97
31
63
32
98
88
81
72
95
26
8
30
99
65
51
24
6
20
12
38
55
34
91
90
98
19
38
83
24
13
50
40
63
99
66
82
5
57
62
64
37
83
83
23
29
19
70
22
5
45
65
5
49
81
44
20
37
81
65
96
70
77
20
13
69
94
53
13
34
59
95
57
57
93
22
15
1
97
34
13
65
92
86
90
79
24
3
51
35
5
74
79
22
90
31
65
92
45
68
80
24
31
73
71
82
97
61
21
49
8
51
60
26
42
6
91
69
6
4
47
33
38
34
56
40
97
17
39
22
40
42
40
32
29
78
97
42
10
94
57
7
59
78
4
56
59
35
20
40
54
78
90
46
30
37
40
62
23
62
41
25
22
17
26
92
40
10
52
85
2
33
66
69
84
79
16
88
79
90
64
3
54
83
95
38
14
84
4
82
93
30
22
33
24
38
41
5
64
27
29
97
30
15
53
64
30
36
35
54
34
41
4
30
74
52
88
87
53
2
70
14
7
9
79
25
83
23
97
89
85
64
63
44
29
53
10
31
81
29
81
89
10
29
85
61
18
12
9
78
17
82
75
81
50
93
38
87
62
90
83
53
93
57
15
46
64
74
42
58
54
62
76
6
66
71
95
48
10
7
11
14
92
80
9
88
12
56
39
55
94
45
84
77
17
67
38
86
28
41
48
26
74
51
57
56
44
17
58
32
86
66
29
44
32
13
10
59
49
54
91
9
40
36
16
28
30
26
65
75
82
91
77
61
97
52
98
87
39
53
12
8
18
90
39
65
31
24
70
57
77
7
27
20
57
3
43
37
23
98
8
15
43
34
93
48
8
31
86
80
14
54
24
58
38
34
67
8
4
86
79
49
35
28
16
11
65
28
3
85
12
45
25
23
76
29
5
68
56
40
50
99
25
20
45
21
66
60
93
2
31
94
68
78
7
42
37
41
98
13
87
72
38
21
80
74
95
79
47
58
80
97
77
68
72
69
60
21
81
84
64
29
39
33
20
37
52
27
17
7
98
6
20
4
86
15
91
46
29
91
85
54
65
18
48
93
47
39
78
26
41
62
79
10
71
80
3
16
3
64
83
42
75
19
29
27
73
57
4
71
94
32
4
55
2
13
19
68
85
34
96
5
67
98
50
2
76
63
15
97
73
62
97
56
94
84
84
23
53
20
22
93
4
63
42
6
22
61
2
74
11
60
2
39
88
63
7
30
85
31
30
1
82
40
5
23
94
41
81
88
26
74
62
27
45
58
18
62
86
37
86
7
29
97
73
54
40
64
34
33
96
68
5
21
88
64
49
31
37
49
46
36
85
42
14
92
83
69
18
99
47
24
26
22
89
38
37
7
78
56
81
93
67
64
3
82
42
36
83
96
68
76
10
39
72
51
31
18
5
51
77
12
33
83
20
65
90
68
86
52
24
37
3
23
5
54
22
76
4
7
58
10
13
99
94
82
89
85
90
24
90
65
37
68
47
96
68
2
72
34
25
19
96
35
17
88
66
80
21
90
1
16
67
80
22
2
8
34
91
93
22
2
87
48
79
54
32
79
89
21
11
24
42
66
1
95
29
34
35
94
58
46
70
62
40
98
86
20
61
36
28
88
41
65
6
31
97
3
25
89
67
79
94
24
38
13
68
30
47
28
46
28
24
7
16
13
44
14
75
90
18
42
49
68
98
45
40
48
25
53
63
20
16
53
60
48
86
47
42
14
82
2
45
12
27
3
23
6
28
92
85
20
35
55
9
4
89
63
56
9
86
41
42
15
72
87
6
8
8
57
38
19
56
61
73
31
74
52
32
3
82
66
67
72
46
68
61
17
23
33
56
89
82
1
76
82
36
8
89
93
90
42
49
73
66
51
28
1
8
84
75
34
52
90
33
81
89
37
22
33
45
47
22
80
54
82
3
44
78
68
67
41
51
20
30
90
52
18
73
98
52
32
94
80
72
89
29
98
87
84
59
74
88
72
52
58
44
44
44
60
47
43
96
54
29
77
16
38
39
25
90
97
97
86
57
5
32
28
93
75
96
70
58
86
93
7
79
73
18
78
59
21
84
89
24
29
2
1
14
21
74
63
58
74
52
37
99
96
97
41
79
78
67
65
87
80
98
48
54
24
43
35
23
10
3
88
13
27
58
16
18
4
49
82
59
58
67
64
35
30
35
19
67
85
25
91
45
90
31
8
74
37
76
88
83
88
81
70
52
14
68
94
61
61
32
39
56
22
88
42
71
67
87
99
51
13
58
91
31
75
65
34
70
45
2
67
90
49
72
13
50
92
82
95
29
63
81
82
85
10
67
16
95
79
33
23
2
39
11
83
16
1
60
58
3
4
12
61
60
55
52
88
15
16
83
41
55
55
22
77
77
3
41
86
57
12
25
69
2
60
35
7
92
69
50
21
29
5
74
35
17
6
99
30
70
63
1
95
13
92
31
79
67
96
88
97
1
14
34
51
45
29
5
7
15
30
18
14
45
88
30
94
82
44
58
22
35
76
3
18
23
71
1
98
70
9
33
24
14
48
72
20
61
84
21
99
1
33
22
47
6
25
93
17
87
18
26
12
62
25
64
67
60
97
94
92
57
80
64
88
16
80
21
22
5
21
23
45
61
12
85
51
77
47
8
62
65
62
98
73
13
21
81
37
76
92
4
47
23
53
73
62
1
93
48
46
56
35
39
98
46
13
38
19
36
24
28
8
8
25
67
86
53
40
48
36
62
75
59
3
28
66
56
25
6
74
24
35
14
93
29
11
13
77
86
85
29
62
68
82
48
58
55
34
83
51
38
86
25
98
42
78
87
57
42
59
31
81
52
75
25
6
10
62
1
14
15
47
81
61
27
51
71
44
60
86
32
36
69
90
98
7
83
2
64
57
80
64
14
1
14
49
8
96
20
19
16
9
34
19
79
63
14
44
15
11
63
21
23
7
97
52
65
-1
