50
FIFO
19
50
17
79
16
69
40
37
32
87
17
26
60
46
55
83
41
7
68
91
77
10
28
17
62
14
31
17
5
57
80
72
34
85
21
71
74
45
90
51
57
71
20
80
69
53
78
69
91
14
23
59
36
69
77
47
10
78
49
22
76
32
57
51
63
18
7
89
5
15
13
21
91
27
71
67
5
26
24
9
50
69
50
61
2
34
74
6
87
74
22
26
21
97
67
5
6
36
63
55
87
38
3
8
20
43
9
49
46
40
64
84
75
1
98
11
92
28
91
64
27
27
43
91
3
61
62
18
6
68
78
85
73
68
37
10
42
16
70
8
35
64
78
33
88
47
89
20
81
73
9
60
67
9
67
86
32
65
2
26
87
26
67
25
2
65
79
71
76
75
52
70
17
79
92
69
1
36
18
32
66
23
21
50
72
24
82
41
13
52
52
8
74
36
77
74
32
24
13
73
42
51
7
6
73
18
42
44
6
64
43
28
15
7
98
85
27
19
63
30
1
61
84
33
49
34
79
36
78
85
51
59
57
98
39
22
17
63
84
82
26
18
96
44
87
67
52
90
77
52
77
68
78
69
22
27
70
89
35
64
3
71
66
94
2
28
35
95
83
29
21
46
45
6
48
1
84
22
28
67
77
84
1
58
93
17
43
27
26
21
79
44
35
19
96
51
24
17
32
74
45
82
65
38
6
68
99
45
84
17
67
91
46
82
97
13
46
50
91
78
88
73
68
62
10
75
72
20
80
43
68
77
65
93
83
44
84
93
51
82
47
29
64
91
19
27
2
76
79
20
8
2
35
41
82
43
19
71
41
91
43
88
12
8
39
26
53
3
62
76
90
95
64
60
80
23
49
58
74
62
22
66
17
2
63
84
95
60
56
1
38
87
90
96
26
49
97
57
72
31
11
39
62
63
23
15
78
98
8
12
87
73
68
78
18
85
78
26
17
67
53
20
6
74
95
29
7
81
24
98
48
39
22
35
62
47
36
78
26
38
44
9
84
76
9
35
89
34
77
98
72
34
81
91
29
77
22
74
47
52
28
48
39
3
37
49
36
88
17
16
57
81
54
8
51
96
39
17
55
82
24
52
16
46
70
34
99
62
50
98
60
37
78
71
81
40
96
92
29
89
81
66
30
98
88
96
85
87
47
86
68
49
65
77
12
31
17
36
61
14
81
25
56
39
79
90
28
90
38
98
37
57
76
84
66
40
43
66
75
37
44
78
92
35
15
37
53
56
7
96
83
67
3
43
13
60
30
77
9
49
97
63
81
2
25
62
92
43
48
44
42
99
7
71
59
37
45
44
94
61
34
78
39
43
2
46
74
80
76
79
69
77
47
16
7
85
59
26
44
66
42
28
11
66
19
61
50
11
16
53
8
73
78
17
42
82
37
39
92
53
26
38
17
15
14
22
53
28
83
95
4
99
47
48
7
39
29
20
78
91
15
87
94
41
73
9
68
44
20
59
12
70
82
66
31
97
29
46
2
15
53
27
9
15
15
8
46
99
19
68
22
66
91
28
1
54
47
88
16
60
13
12
60
74
30
92
79
87
62
77
57
26
43
54
9
16
78
28
85
60
91
14
97
59
83
82
28
57
70
60
13
93
47
33
67
1
29
52
5
35
85
80
17
2
74
59
72
33
64
13
82
88
60
69
19
37
6
82
53
22
88
24
31
18
21
45
62
66
72
8
49
76
19
29
39
86
54
31
68
62
84
83
33
50
91
23
90
34
37
8
16
40
57
70
51
38
81
46
56
38
33
26
55
57
66
2
83
79
59
8
64
44
38
43
56
62
19
45
19
36
38
83
51
12
79
73
61
69
19
76
52
78
36
6
4
47
72
69
64
89
21
99
98
86
37
23
64
69
42
19
84
66
92
12
67
43
92
20
71
49
8
74
94
75
25
4
57
13
39
82
75
38
33
45
93
99
95
66
46
53
86
70
45
14
80
17
66
76
7
72
35
78
24
45
61
30
90
29
27
12
65
56
80
67
6
65
75
85
30
66
4
51
5
63
7
66
88
79
54
32
44
40
97
33
65
45
7
41
23
83
95
80
3
40
80
35
23
97
96
19
90
57
41
24
64
18
35
15
24
45
95
65
43
67
55
90
81
12
29
50
44
35
63
71
95
15
69
98
18
95
14
37
77
82
44
46
90
23
85
13
79
97
25
24
46
13
94
64
36
1
3
21
66
85
28
74
98
37
49
16
52
84
41
62
45
89
48
78
6
37
58
58
79
37
49
74
37
41
5
10
96
76
56
95
76
3
99
16
63
37
71
14
9
31
46
16
86
57
38
97
45
86
4
75
20
77
53
47
81
9
21
66
6
41
48
72
38
47
86
53
19
19
80
93
91
4
39
25
62
16
85
94
29
84
48
71
35
14
9
47
90
25
43
99
33
77
68
40
7
29
18
77
56
24
41
51
48
56
69
93
98
89
80
98
98
40
91
75
2
14
88
9
84
19
16
97
52
45
78
52
52
42
98
71
87
76
3
65
98
38
30
54
72
23
66
95
76
82
12
4
9
50
67
90
52
4
73
6
90
66
77
57
57
98
99
10
42
3
45
53
96
16
46
11
16
97
40
4
28
37
53
43
24
63
41
4
30
43
62
18
1
56
47
41
59
95
4
78
68
2
5
24
6
61
87
71
68
28
86
95
9
6
87
32
22
83
93
62
93
82
10
67
30
93
16
54
13
53
35
78
33
29
62
1
80
10
26
66
39
13
89
8
46
44
91
97
34
91
18
66
95
93
28
87
36
61
43
60
2
46
42
88
76
21
47
75
94
26
93
79
53
2
66
66
21
92
37
89
49
59
52
1
28
81
53
33
28
72
82
1
82
37
12
11
22
27
91
67
36
4
16
52
21
46
72
58
13
14
51
48
94
62
13
13
58
56
56
57
93
67
96
11
26
39
91
22
22
31
96
98
58
75
97
86
81
55
13
93
5
17
98
60
2
95
5
66
40
12
53
83
73
64
23
32
39
36
12
2
34
38
2
30
38
84
63
81
97
12
88
63
70
31
20
68
25
69
31
36
74
39
4
69
40
64
9
14
53
17
41
45
22
71
25
87
52
16
72
88
66
36
5
12
51
5
53
88
13
64
81
39
13
17
89
16
55
48
36
33
82
50
91
20
38
17
35
52
96
99
81
70
51
34
65
60
4
60
64
82
6
92
63
4
98
64
15
83
82
61
44
30
38
8
53
65
38
64
99
60
98
89
45
53
36
69
90
77
58
52
17
10
91
88
85
66
1
54
12
35
86
97
89
26
29
76
95
2
43
10
91
22
79
2
69
88
99
95
75
72
11
34
85
45
72
25
85
21
12
18
67
79
8
89
28
46
93
5
11
17
48
22
80
16
52
45
65
90
6
30
89
40
72
37
45
96
51
46
15
51
80
76
34
84
54
97
4
57
46
17
21
37
91
93
40
20
61
64
99
66
63
89
5
98
32
28
73
6
96
86
82
84
8
85
95
5
18
31
69
73
87
2
68
67
26
90
12
39
64
1
5
48
80
67
90
2
91
53
28
53
81
92
76
98
31
69
41
54
88
26
32
71
77
42
63
89
53
35
82
19
83
30
65
53
73
6
68
70
89
57
12
84
51
41
55
52
41
31
15
1
15
99
50
38
83
61
58
63
58
68
39
49
93
99
80
6
66
59
10
24
84
15
23
48
97
60
13
40
77
44
55
29
48
17
96
90
61
61
64
23
98
61
95
41
71
48
1
34
29
41
35
85
19
11
38
8
50
48
18
70
58
9
84
45
74
76
2
87
77
56
9
17
97
79
5
7
1
94
73
36
7
65
49
90
33
6
74
80
26
92
58
92
70
11
87
24
15
14
16
19
21
77
53
56
90
60
53
23
21
81
31
75
14
90
53
40
35
26
67
31
2
95
17
37
7
47
65
22
33
84
30
58
66
65
9
66
14
96
93
5
82
59
47
17
75
33
85
24
66
35
63
79
38
47
85
63
89
99
92
61
75
27
80
72
84
56
64
16
44
59
37
45
22
93
70
61
9
20
39
78
96
59
35
20
35
33
59
9
67
43
14
9
10
78
41
82
64
24
67
74
51
99
49
95
74
18
86
89
16
72
59
26
45
88
37
11
54
72
44
47
87
6
55
71
7
23
8
32
85
28
73
96
14
94
70
22
69
5
19
78
19
55
54
24
8
70
39
19
12
70
70
13
90
61
72
8
49
65
42
70
15
57
85
57
5
48
82
68
1
64
2
61
49
15
75
30
14
24
94
41
81
80
55
83
54
62
93
62
88
58
36
87
69
5
63
85
59
83
73
98
75
6
35
1
64
13
81
37
58
21
67
31
35
38
30
11
27
45
58
35
39
66
58
79
52
80
84
84
8
58
8
49
38
38
82
59
67
65
17
18
29
2
44
50
44
17
3
30
81
69
5
43
45
70
57
16
44
12
30
69
59
70
41
49
66
74
8
19
68
8
11
97
29
18
56
29
11
50
91
82
49
83
53
72
71
4
64
30
36
57
1
50
17
18
30
21
90
51
60
73
78
49
91
85
57
54
37
15
94
13
95
14
8
85
28
99
85
51
79
63
92
78
72
71
57
45
15
84
64
14
55
94
28
56
47
91
99
41
36
9
72
48
89
28
24
81
5
33
60
71
83
58
68
24
47
33
1
44
11
1
52
99
30
9
20
97
57
29
76
51
11
84
92
49
82
15
95
82
52
43
13
43
33
24
88
16
9
75
65
1
97
6
51
60
13
78
52
35
12
38
98
76
24
19
22
47
29
62
15
40
61
40
75
41
82
64
76
51
30
98
74
68
96
75
20
89
17
28
38
96
32
51
54
82
88
92
2
21
6
17
76
93
50
68
55
47
81
50
95
35
53
53
34
25
19
11
17
67
28
3
26
46
32
71
50
81
87
55
64
45
42
63
78
41
7
60
61
9
79
86
17
78
95
9
31
5
15
18
80
88
78
58
40
19
36
90
15
82
38
2
65
44
92
23
39
87
87
98
56
55
90
90
37
26
40
60
33
15
30
25
18
53
46
93
53
44
6
86
96
77
50
25
53
82
9
73
52
49
94
26
97
27
34
96
34
33
6
18
35
82
74
4
68
70
76
29
66
53
14
86
55
82
66
85
47
34
91
38
83
94
22
49
61
99
4
17
72
53
11
29
77
40
91
61
25
69
51
17
5
13
34
76
68
98
1
70
25
85
64
29
40
18
14
23
10
21
39
3
89
6
74
92
96
76
50
14
42
59
58
89
96
77
94
99
78
32
10
6
6
88
24
9
79
91
49
39
43
9
29
35
48
94
35
41
52
2
33
14
38
83
43
51
33
10
23
96
1
95
82
97
31
53
51
14
95
4
57
55
62
93
68
44
50
31
71
89
50
83
88
15
19
31
71
41
71
97
7
56
96
93
14
23
68
28
64
73
85
70
23
5
4
8
25
10
17
42
98
75
84
97
56
75
7
31
48
60
73
6
93
46
73
20
65
16
50
19
15
25
38
10
32
96
90
7
9
85
99
9
52
73
21
34
86
87
17
65
67
41
98
11
89
52
42
29
79
44
98
7
37
43
19
6
78
66
88
37
52
62
45
99
60
41
13
74
91
4
63
46
4
73
21
32
42
28
37
30
63
55
28
80
18
99
-1
