50
CLOCK
77
41
15
94
23
87
55
80
68
63
52
41
86
51
47
83
54
32
23
82
60
65
74
9
6
93
91
23
30
21
57
37
12
53
53
15
31
2
72
46
5
86
2
13
93
55
50
65
57
76
96
8
55
91
90
67
11
68
46
58
19
43
25
58
46
9
14
93
69
26
72
75
61
69
41
35
1
51
1
3
32
10
94
61
72
65
32
59
85
28
79
66
77
59
71
18
76
67
50
50
74
95
63
73
67
93
56
18
27
33
77
4
56
13
29
15
13
76
78
43
13
34
74
97
47
68
37
25
52
67
90
2
12
63
76
96
94
59
98
79
22
39
70
28
18
56
16
31
36
84
74
19
29
46
26
26
94
41
24
98
47
99
10
43
48
78
89
71
45
55
25
75
31
4
99
10
96
99
35
63
76
67
33
6
15
79
9
24
34
94
79
13
41
65
20
4
73
77
2
69
97
29
18
6
48
80
54
83
28
86
66
10
73
72
23
38
72
81
60
29
77
72
91
47
69
87
16
45
78
70
63
40
17
84
30
20
42
36
19
49
38
24
70
26
10
2
18
86
68
36
29
95
94
12
15
69
78
60
6
96
65
13
63
72
25
97
52
95
98
78
65
53
99
92
18
67
26
10
68
77
53
38
36
94
36
67
27
7
87
57
90
77
41
68
31
94
93
14
53
47
10
62
81
55
81
98
57
19
39
7
60
65
9
76
93
87
27
67
90
46
11
17
70
6
19
29
6
8
38
21
25
53
57
33
30
80
31
82
32
95
26
40
84
45
20
32
34
26
8
54
63
22
18
7
86
86
86
68
22
75
79
78
68
58
56
62
45
7
62
39
4
43
4
40
98
24
16
69
94
90
85
53
19
68
8
90
89
92
91
70
97
82
86
99
35
50
94
5
69
31
-1
