Replacement Policy = CLOCK
-------------------------------------
Page   Content of Frames
----   -----------------
77     77 
41     77 41 
15     77 41 15 
94     77 41 15 94 
23     77 41 15 94 23 
87     77 41 15 94 23 87 
55     77 41 15 94 23 87 55 
80     77 41 15 94 23 87 55 80 
68     77 41 15 94 23 87 55 80 68 
63     77 41 15 94 23 87 55 80 68 63 
52     77 41 15 94 23 87 55 80 68 63 52 
41     77 41 15 94 23 87 55 80 68 63 52 
86     77 41 15 94 23 87 55 80 68 63 52 86 
51     77 41 15 94 23 87 55 80 68 63 52 86 51 
47     77 41 15 94 23 87 55 80 68 63 52 86 51 47 
83     77 41 15 94 23 87 55 80 68 63 52 86 51 47 83 
54     77 41 15 94 23 87 55 80 68 63 52 86 51 47 83 54 
32     77 41 15 94 23 87 55 80 68 63 52 86 51 47 83 54 32 
23     77 41 15 94 23 87 55 80 68 63 52 86 51 47 83 54 32 
82     77 41 15 94 23 87 55 80 68 63 52 86 51 47 83 54 32 82 
60     77 41 15 94 23 87 55 80 68 63 52 86 51 47 83 54 32 82 60 
65     77 41 15 94 23 87 55 80 68 63 52 86 51 47 83 54 32 82 60 65 
74     77 41 15 94 23 87 55 80 68 63 52 86 51 47 83 54 32 82 60 65 74 
09     77 41 15 94 23 87 55 80 68 63 52 86 51 47 83 54 32 82 60 65 74 09 
06     77 41 15 94 23 87 55 80 68 63 52 86 51 47 83 54 32 82 60 65 74 09 06 
93     77 41 15 94 23 87 55 80 68 63 52 86 51 47 83 54 32 82 60 65 74 09 06 93 
91     77 41 15 94 23 87 55 80 68 63 52 86 51 47 83 54 32 82 60 65 74 09 06 93 91 
23     77 41 15 94 23 87 55 80 68 63 52 86 51 47 83 54 32 82 60 65 74 09 06 93 91 
30     77 41 15 94 23 87 55 80 68 63 52 86 51 47 83 54 32 82 60 65 74 09 06 93 91 30 
21     77 41 15 94 23 87 55 80 68 63 52 86 51 47 83 54 32 82 60 65 74 09 06 93 91 30 21 
57     77 41 15 94 23 87 55 80 68 63 52 86 51 47 83 54 32 82 60 65 74 09 06 93 91 30 21 57 
37     77 41 15 94 23 87 55 80 68 63 52 86 51 47 83 54 32 82 60 65 74 09 06 93 91 30 21 57 37 
12     77 41 15 94 23 87 55 80 68 63 52 86 51 47 83 54 32 82 60 65 74 09 06 93 91 30 21 57 37 12 
53     77 41 15 94 23 87 55 80 68 63 52 86 51 47 83 54 32 82 60 65 74 09 06 93 91 30 21 57 37 12 53 
53     77 41 15 94 23 87 55 80 68 63 52 86 51 47 83 54 32 82 60 65 74 09 06 93 91 30 21 57 37 12 53 
15     77 41 15 94 23 87 55 80 68 63 52 86 51 47 83 54 32 82 60 65 74 09 06 93 91 30 21 57 37 12 53 
31     77 41 15 94 23 87 55 80 68 63 52 86 51 47 83 54 32 82 60 65 74 09 06 93 91 30 21 57 37 12 53 31 
02     77 41 15 94 23 87 55 80 68 63 52 86 51 47 83 54 32 82 60 65 74 09 06 93 91 30 21 57 37 12 53 31 02 
72     77 41 15 94 23 87 55 80 68 63 52 86 51 47 83 54 32 82 60 65 74 09 06 93 91 30 21 57 37 12 53 31 02 72 
46     77 41 15 94 23 87 55 80 68 63 52 86 51 47 83 54 32 82 60 65 74 09 06 93 91 30 21 57 37 12 53 31 02 72 46 
05     77 41 15 94 23 87 55 80 68 63 52 86 51 47 83 54 32 82 60 65 74 09 06 93 91 30 21 57 37 12 53 31 02 72 46 05 
86     77 41 15 94 23 87 55 80 68 63 52 86 51 47 83 54 32 82 60 65 74 09 06 93 91 30 21 57 37 12 53 31 02 72 46 05 
02     77 41 15 94 23 87 55 80 68 63 52 86 51 47 83 54 32 82 60 65 74 09 06 93 91 30 21 57 37 12 53 31 02 72 46 05 
13     77 41 15 94 23 87 55 80 68 63 52 86 51 47 83 54 32 82 60 65 74 09 06 93 91 30 21 57 37 12 53 31 02 72 46 05 13 
93     77 41 15 94 23 87 55 80 68 63 52 86 51 47 83 54 32 82 60 65 74 09 06 93 91 30 21 57 37 12 53 31 02 72 46 05 13 
55     77 41 15 94 23 87 55 80 68 63 52 86 51 47 83 54 32 82 60 65 74 09 06 93 91 30 21 57 37 12 53 31 02 72 46 05 13 
50     77 41 15 94 23 87 55 80 68 63 52 86 51 47 83 54 32 82 60 65 74 09 06 93 91 30 21 57 37 12 53 31 02 72 46 05 13 50 
65     77 41 15 94 23 87 55 80 68 63 52 86 51 47 83 54 32 82 60 65 74 09 06 93 91 30 21 57 37 12 53 31 02 72 46 05 13 50 
57     77 41 15 94 23 87 55 80 68 63 52 86 51 47 83 54 32 82 60 65 74 09 06 93 91 30 21 57 37 12 53 31 02 72 46 05 13 50 
76     77 41 15 94 23 87 55 80 68 63 52 86 51 47 83 54 32 82 60 65 74 09 06 93 91 30 21 57 37 12 53 31 02 72 46 05 13 50 76 
96     77 41 15 94 23 87 55 80 68 63 52 86 51 47 83 54 32 82 60 65 74 09 06 93 91 30 21 57 37 12 53 31 02 72 46 05 13 50 76 96 
08     77 41 15 94 23 87 55 80 68 63 52 86 51 47 83 54 32 82 60 65 74 09 06 93 91 30 21 57 37 12 53 31 02 72 46 05 13 50 76 96 08 
55     77 41 15 94 23 87 55 80 68 63 52 86 51 47 83 54 32 82 60 65 74 09 06 93 91 30 21 57 37 12 53 31 02 72 46 05 13 50 76 96 08 
91     77 41 15 94 23 87 55 80 68 63 52 86 51 47 83 54 32 82 60 65 74 09 06 93 91 30 21 57 37 12 53 31 02 72 46 05 13 50 76 96 08 
90     77 41 15 94 23 87 55 80 68 63 52 86 51 47 83 54 32 82 60 65 74 09 06 93 91 30 21 57 37 12 53 31 02 72 46 05 13 50 76 96 08 90 
67     77 41 15 94 23 87 55 80 68 63 52 86 51 47 83 54 32 82 60 65 74 09 06 93 91 30 21 57 37 12 53 31 02 72 46 05 13 50 76 96 08 90 67 
11     77 41 15 94 23 87 55 80 68 63 52 86 51 47 83 54 32 82 60 65 74 09 06 93 91 30 21 57 37 12 53 31 02 72 46 05 13 50 76 96 08 90 67 11 
68     77 41 15 94 23 87 55 80 68 63 52 86 51 47 83 54 32 82 60 65 74 09 06 93 91 30 21 57 37 12 53 31 02 72 46 05 13 50 76 96 08 90 67 11 
46     77 41 15 94 23 87 55 80 68 63 52 86 51 47 83 54 32 82 60 65 74 09 06 93 91 30 21 57 37 12 53 31 02 72 46 05 13 50 76 96 08 90 67 11 
58     77 41 15 94 23 87 55 80 68 63 52 86 51 47 83 54 32 82 60 65 74 09 06 93 91 30 21 57 37 12 53 31 02 72 46 05 13 50 76 96 08 90 67 11 58 
19     77 41 15 94 23 87 55 80 68 63 52 86 51 47 83 54 32 82 60 65 74 09 06 93 91 30 21 57 37 12 53 31 02 72 46 05 13 50 76 96 08 90 67 11 58 19 
43     77 41 15 94 23 87 55 80 68 63 52 86 51 47 83 54 32 82 60 65 74 09 06 93 91 30 21 57 37 12 53 31 02 72 46 05 13 50 76 96 08 90 67 11 58 19 43 
25     77 41 15 94 23 87 55 80 68 63 52 86 51 47 83 54 32 82 60 65 74 09 06 93 91 30 21 57 37 12 53 31 02 72 46 05 13 50 76 96 08 90 67 11 58 19 43 25 
58     77 41 15 94 23 87 55 80 68 63 52 86 51 47 83 54 32 82 60 65 74 09 06 93 91 30 21 57 37 12 53 31 02 72 46 05 13 50 76 96 08 90 67 11 58 19 43 25 
46     77 41 15 94 23 87 55 80 68 63 52 86 51 47 83 54 32 82 60 65 74 09 06 93 91 30 21 57 37 12 53 31 02 72 46 05 13 50 76 96 08 90 67 11 58 19 43 25 
09     77 41 15 94 23 87 55 80 68 63 52 86 51 47 83 54 32 82 60 65 74 09 06 93 91 30 21 57 37 12 53 31 02 72 46 05 13 50 76 96 08 90 67 11 58 19 43 25 
14     77 41 15 94 23 87 55 80 68 63 52 86 51 47 83 54 32 82 60 65 74 09 06 93 91 30 21 57 37 12 53 31 02 72 46 05 13 50 76 96 08 90 67 11 58 19 43 25 14 
93     77 41 15 94 23 87 55 80 68 63 52 86 51 47 83 54 32 82 60 65 74 09 06 93 91 30 21 57 37 12 53 31 02 72 46 05 13 50 76 96 08 90 67 11 58 19 43 25 14 
69     77 41 15 94 23 87 55 80 68 63 52 86 51 47 83 54 32 82 60 65 74 09 06 93 91 30 21 57 37 12 53 31 02 72 46 05 13 50 76 96 08 90 67 11 58 19 43 25 14 69 
26 F   26 41 15 94 23 87 55 80 68 63 52 86 51 47 83 54 32 82 60 65 74 09 06 93 91 30 21 57 37 12 53 31 02 72 46 05 13 50 76 96 08 90 67 11 58 19 43 25 14 69 
72     26 41 15 94 23 87 55 80 68 63 52 86 51 47 83 54 32 82 60 65 74 09 06 93 91 30 21 57 37 12 53 31 02 72 46 05 13 50 76 96 08 90 67 11 58 19 43 25 14 69 
75 F   26 75 15 94 23 87 55 80 68 63 52 86 51 47 83 54 32 82 60 65 74 09 06 93 91 30 21 57 37 12 53 31 02 72 46 05 13 50 76 96 08 90 67 11 58 19 43 25 14 69 
61 F   26 75 61 94 23 87 55 80 68 63 52 86 51 47 83 54 32 82 60 65 74 09 06 93 91 30 21 57 37 12 53 31 02 72 46 05 13 50 76 96 08 90 67 11 58 19 43 25 14 69 
69     26 75 61 94 23 87 55 80 68 63 52 86 51 47 83 54 32 82 60 65 74 09 06 93 91 30 21 57 37 12 53 31 02 72 46 05 13 50 76 96 08 90 67 11 58 19 43 25 14 69 
41 F   26 75 61 41 23 87 55 80 68 63 52 86 51 47 83 54 32 82 60 65 74 09 06 93 91 30 21 57 37 12 53 31 02 72 46 05 13 50 76 96 08 90 67 11 58 19 43 25 14 69 
35 F   26 75 61 41 35 87 55 80 68 63 52 86 51 47 83 54 32 82 60 65 74 09 06 93 91 30 21 57 37 12 53 31 02 72 46 05 13 50 76 96 08 90 67 11 58 19 43 25 14 69 
01 F   26 75 61 41 35 01 55 80 68 63 52 86 51 47 83 54 32 82 60 65 74 09 06 93 91 30 21 57 37 12 53 31 02 72 46 05 13 50 76 96 08 90 67 11 58 19 43 25 14 69 
51     26 75 61 41 35 01 55 80 68 63 52 86 51 47 83 54 32 82 60 65 74 09 06 93 91 30 21 57 37 12 53 31 02 72 46 05 13 50 76 96 08 90 67 11 58 19 43 25 14 69 
01     26 75 61 41 35 01 55 80 68 63 52 86 51 47 83 54 32 82 60 65 74 09 06 93 91 30 21 57 37 12 53 31 02 72 46 05 13 50 76 96 08 90 67 11 58 19 43 25 14 69 
03 F   26 75 61 41 35 01 03 80 68 63 52 86 51 47 83 54 32 82 60 65 74 09 06 93 91 30 21 57 37 12 53 31 02 72 46 05 13 50 76 96 08 90 67 11 58 19 43 25 14 69 
32     26 75 61 41 35 01 03 80 68 63 52 86 51 47 83 54 32 82 60 65 74 09 06 93 91 30 21 57 37 12 53 31 02 72 46 05 13 50 76 96 08 90 67 11 58 19 43 25 14 69 
10 F   26 75 61 41 35 01 03 10 68 63 52 86 51 47 83 54 32 82 60 65 74 09 06 93 91 30 21 57 37 12 53 31 02 72 46 05 13 50 76 96 08 90 67 11 58 19 43 25 14 69 
94 F   26 75 61 41 35 01 03 10 94 63 52 86 51 47 83 54 32 82 60 65 74 09 06 93 91 30 21 57 37 12 53 31 02 72 46 05 13 50 76 96 08 90 67 11 58 19 43 25 14 69 
61     26 75 61 41 35 01 03 10 94 63 52 86 51 47 83 54 32 82 60 65 74 09 06 93 91 30 21 57 37 12 53 31 02 72 46 05 13 50 76 96 08 90 67 11 58 19 43 25 14 69 
72     26 75 61 41 35 01 03 10 94 63 52 86 51 47 83 54 32 82 60 65 74 09 06 93 91 30 21 57 37 12 53 31 02 72 46 05 13 50 76 96 08 90 67 11 58 19 43 25 14 69 
65     26 75 61 41 35 01 03 10 94 63 52 86 51 47 83 54 32 82 60 65 74 09 06 93 91 30 21 57 37 12 53 31 02 72 46 05 13 50 76 96 08 90 67 11 58 19 43 25 14 69 
32     26 75 61 41 35 01 03 10 94 63 52 86 51 47 83 54 32 82 60 65 74 09 06 93 91 30 21 57 37 12 53 31 02 72 46 05 13 50 76 96 08 90 67 11 58 19 43 25 14 69 
59 F   26 75 61 41 35 01 03 10 94 59 52 86 51 47 83 54 32 82 60 65 74 09 06 93 91 30 21 57 37 12 53 31 02 72 46 05 13 50 76 96 08 90 67 11 58 19 43 25 14 69 
85 F   26 75 61 41 35 01 03 10 94 59 85 86 51 47 83 54 32 82 60 65 74 09 06 93 91 30 21 57 37 12 53 31 02 72 46 05 13 50 76 96 08 90 67 11 58 19 43 25 14 69 
28 F   26 75 61 41 35 01 03 10 94 59 85 28 51 47 83 54 32 82 60 65 74 09 06 93 91 30 21 57 37 12 53 31 02 72 46 05 13 50 76 96 08 90 67 11 58 19 43 25 14 69 
79 F   26 75 61 41 35 01 03 10 94 59 85 28 51 79 83 54 32 82 60 65 74 09 06 93 91 30 21 57 37 12 53 31 02 72 46 05 13 50 76 96 08 90 67 11 58 19 43 25 14 69 
66 F   26 75 61 41 35 01 03 10 94 59 85 28 51 79 66 54 32 82 60 65 74 09 06 93 91 30 21 57 37 12 53 31 02 72 46 05 13 50 76 96 08 90 67 11 58 19 43 25 14 69 
77 F   26 75 61 41 35 01 03 10 94 59 85 28 51 79 66 77 32 82 60 65 74 09 06 93 91 30 21 57 37 12 53 31 02 72 46 05 13 50 76 96 08 90 67 11 58 19 43 25 14 69 
59     26 75 61 41 35 01 03 10 94 59 85 28 51 79 66 77 32 82 60 65 74 09 06 93 91 30 21 57 37 12 53 31 02 72 46 05 13 50 76 96 08 90 67 11 58 19 43 25 14 69 
71 F   26 75 61 41 35 01 03 10 94 59 85 28 51 79 66 77 32 71 60 65 74 09 06 93 91 30 21 57 37 12 53 31 02 72 46 05 13 50 76 96 08 90 67 11 58 19 43 25 14 69 
18 F   26 75 61 41 35 01 03 10 94 59 85 28 51 79 66 77 32 71 18 65 74 09 06 93 91 30 21 57 37 12 53 31 02 72 46 05 13 50 76 96 08 90 67 11 58 19 43 25 14 69 
76     26 75 61 41 35 01 03 10 94 59 85 28 51 79 66 77 32 71 18 65 74 09 06 93 91 30 21 57 37 12 53 31 02 72 46 05 13 50 76 96 08 90 67 11 58 19 43 25 14 69 
67     26 75 61 41 35 01 03 10 94 59 85 28 51 79 66 77 32 71 18 65 74 09 06 93 91 30 21 57 37 12 53 31 02 72 46 05 13 50 76 96 08 90 67 11 58 19 43 25 14 69 
50     26 75 61 41 35 01 03 10 94 59 85 28 51 79 66 77 32 71 18 65 74 09 06 93 91 30 21 57 37 12 53 31 02 72 46 05 13 50 76 96 08 90 67 11 58 19 43 25 14 69 
50     26 75 61 41 35 01 03 10 94 59 85 28 51 79 66 77 32 71 18 65 74 09 06 93 91 30 21 57 37 12 53 31 02 72 46 05 13 50 76 96 08 90 67 11 58 19 43 25 14 69 
74     26 75 61 41 35 01 03 10 94 59 85 28 51 79 66 77 32 71 18 65 74 09 06 93 91 30 21 57 37 12 53 31 02 72 46 05 13 50 76 96 08 90 67 11 58 19 43 25 14 69 
95 F   26 75 61 41 35 01 03 10 94 59 85 28 51 79 66 77 32 71 18 65 74 95 06 93 91 30 21 57 37 12 53 31 02 72 46 05 13 50 76 96 08 90 67 11 58 19 43 25 14 69 
63 F   26 75 61 41 35 01 03 10 94 59 85 28 51 79 66 77 32 71 18 65 74 95 63 93 91 30 21 57 37 12 53 31 02 72 46 05 13 50 76 96 08 90 67 11 58 19 43 25 14 69 
73 F   26 75 61 41 35 01 03 10 94 59 85 28 51 79 66 77 32 71 18 65 74 95 63 73 91 30 21 57 37 12 53 31 02 72 46 05 13 50 76 96 08 90 67 11 58 19 43 25 14 69 
67     26 75 61 41 35 01 03 10 94 59 85 28 51 79 66 77 32 71 18 65 74 95 63 73 91 30 21 57 37 12 53 31 02 72 46 05 13 50 76 96 08 90 67 11 58 19 43 25 14 69 
93 F   26 75 61 41 35 01 03 10 94 59 85 28 51 79 66 77 32 71 18 65 74 95 63 73 93 30 21 57 37 12 53 31 02 72 46 05 13 50 76 96 08 90 67 11 58 19 43 25 14 69 
56 F   26 75 61 41 35 01 03 10 94 59 85 28 51 79 66 77 32 71 18 65 74 95 63 73 93 56 21 57 37 12 53 31 02 72 46 05 13 50 76 96 08 90 67 11 58 19 43 25 14 69 
18     26 75 61 41 35 01 03 10 94 59 85 28 51 79 66 77 32 71 18 65 74 95 63 73 93 56 21 57 37 12 53 31 02 72 46 05 13 50 76 96 08 90 67 11 58 19 43 25 14 69 
27 F   26 75 61 41 35 01 03 10 94 59 85 28 51 79 66 77 32 71 18 65 74 95 63 73 93 56 27 57 37 12 53 31 02 72 46 05 13 50 76 96 08 90 67 11 58 19 43 25 14 69 
33 F   26 75 61 41 35 01 03 10 94 59 85 28 51 79 66 77 32 71 18 65 74 95 63 73 93 56 27 33 37 12 53 31 02 72 46 05 13 50 76 96 08 90 67 11 58 19 43 25 14 69 
77     26 75 61 41 35 01 03 10 94 59 85 28 51 79 66 77 32 71 18 65 74 95 63 73 93 56 27 33 37 12 53 31 02 72 46 05 13 50 76 96 08 90 67 11 58 19 43 25 14 69 
04 F   26 75 61 41 35 01 03 10 94 59 85 28 51 79 66 77 32 71 18 65 74 95 63 73 93 56 27 33 04 12 53 31 02 72 46 05 13 50 76 96 08 90 67 11 58 19 43 25 14 69 
56     26 75 61 41 35 01 03 10 94 59 85 28 51 79 66 77 32 71 18 65 74 95 63 73 93 56 27 33 04 12 53 31 02 72 46 05 13 50 76 96 08 90 67 11 58 19 43 25 14 69 
13     26 75 61 41 35 01 03 10 94 59 85 28 51 79 66 77 32 71 18 65 74 95 63 73 93 56 27 33 04 12 53 31 02 72 46 05 13 50 76 96 08 90 67 11 58 19 43 25 14 69 
29 F   26 75 61 41 35 01 03 10 94 59 85 28 51 79 66 77 32 71 18 65 74 95 63 73 93 56 27 33 04 29 53 31 02 72 46 05 13 50 76 96 08 90 67 11 58 19 43 25 14 69 
15 F   26 75 61 41 35 01 03 10 94 59 85 28 51 79 66 77 32 71 18 65 74 95 63 73 93 56 27 33 04 29 15 31 02 72 46 05 13 50 76 96 08 90 67 11 58 19 43 25 14 69 
13     26 75 61 41 35 01 03 10 94 59 85 28 51 79 66 77 32 71 18 65 74 95 63 73 93 56 27 33 04 29 15 31 02 72 46 05 13 50 76 96 08 90 67 11 58 19 43 25 14 69 
76     26 75 61 41 35 01 03 10 94 59 85 28 51 79 66 77 32 71 18 65 74 95 63 73 93 56 27 33 04 29 15 31 02 72 46 05 13 50 76 96 08 90 67 11 58 19 43 25 14 69 
78 F   26 75 61 41 35 01 03 10 94 59 85 28 51 79 66 77 32 71 18 65 74 95 63 73 93 56 27 33 04 29 15 78 02 72 46 05 13 50 76 96 08 90 67 11 58 19 43 25 14 69 
43     26 75 61 41 35 01 03 10 94 59 85 28 51 79 66 77 32 71 18 65 74 95 63 73 93 56 27 33 04 29 15 78 02 72 46 05 13 50 76 96 08 90 67 11 58 19 43 25 14 69 
13     26 75 61 41 35 01 03 10 94 59 85 28 51 79 66 77 32 71 18 65 74 95 63 73 93 56 27 33 04 29 15 78 02 72 46 05 13 50 76 96 08 90 67 11 58 19 43 25 14 69 
34 F   26 75 61 41 35 01 03 10 94 59 85 28 51 79 66 77 32 71 18 65 74 95 63 73 93 56 27 33 04 29 15 78 34 72 46 05 13 50 76 96 08 90 67 11 58 19 43 25 14 69 
74     26 75 61 41 35 01 03 10 94 59 85 28 51 79 66 77 32 71 18 65 74 95 63 73 93 56 27 33 04 29 15 78 34 72 46 05 13 50 76 96 08 90 67 11 58 19 43 25 14 69 
97 F   26 75 61 41 35 01 03 10 94 59 85 28 51 79 66 77 32 71 18 65 74 95 63 73 93 56 27 33 04 29 15 78 34 72 97 05 13 50 76 96 08 90 67 11 58 19 43 25 14 69 
47 F   26 75 61 41 35 01 03 10 94 59 85 28 51 79 66 77 32 71 18 65 74 95 63 73 93 56 27 33 04 29 15 78 34 72 97 47 13 50 76 96 08 90 67 11 58 19 43 25 14 69 
68 F   26 75 61 41 35 01 03 10 94 59 85 28 51 79 66 77 32 71 18 65 74 95 63 73 93 56 27 33 04 29 15 78 34 72 97 47 13 50 76 68 08 90 67 11 58 19 43 25 14 69 
37 F   26 75 61 41 35 01 03 10 94 59 85 28 51 79 66 77 32 71 18 65 74 95 63 73 93 56 27 33 04 29 15 78 34 72 97 47 13 50 76 68 37 90 67 11 58 19 43 25 14 69 
25     26 75 61 41 35 01 03 10 94 59 85 28 51 79 66 77 32 71 18 65 74 95 63 73 93 56 27 33 04 29 15 78 34 72 97 47 13 50 76 68 37 90 67 11 58 19 43 25 14 69 
52 F   26 75 61 41 35 01 03 10 94 59 85 28 51 79 66 77 32 71 18 65 74 95 63 73 93 56 27 33 04 29 15 78 34 72 97 47 13 50 76 68 37 52 67 11 58 19 43 25 14 69 
67     26 75 61 41 35 01 03 10 94 59 85 28 51 79 66 77 32 71 18 65 74 95 63 73 93 56 27 33 04 29 15 78 34 72 97 47 13 50 76 68 37 52 67 11 58 19 43 25 14 69 
90 F   26 75 61 41 35 01 03 10 94 59 85 28 51 79 66 77 32 71 18 65 74 95 63 73 93 56 27 33 04 29 15 78 34 72 97 47 13 50 76 68 37 52 67 90 58 19 43 25 14 69 
02 F   26 75 61 41 35 01 03 10 94 59 85 28 51 79 66 77 32 71 18 65 74 95 63 73 93 56 27 33 04 29 15 78 34 72 97 47 13 50 76 68 37 52 67 90 02 19 43 25 14 69 
12 F   26 75 61 41 35 01 03 10 94 59 85 28 51 79 66 77 32 71 18 65 74 95 63 73 93 56 27 33 04 29 15 78 34 72 97 47 13 50 76 68 37 52 67 90 02 12 43 25 14 69 
63     26 75 61 41 35 01 03 10 94 59 85 28 51 79 66 77 32 71 18 65 74 95 63 73 93 56 27 33 04 29 15 78 34 72 97 47 13 50 76 68 37 52 67 90 02 12 43 25 14 69 
76     26 75 61 41 35 01 03 10 94 59 85 28 51 79 66 77 32 71 18 65 74 95 63 73 93 56 27 33 04 29 15 78 34 72 97 47 13 50 76 68 37 52 67 90 02 12 43 25 14 69 
96 F   26 75 61 41 35 01 03 10 94 59 85 28 51 79 66 77 32 71 18 65 74 95 63 73 93 56 27 33 04 29 15 78 34 72 97 47 13 50 76 68 37 52 67 90 02 12 43 25 96 69 
94     26 75 61 41 35 01 03 10 94 59 85 28 51 79 66 77 32 71 18 65 74 95 63 73 93 56 27 33 04 29 15 78 34 72 97 47 13 50 76 68 37 52 67 90 02 12 43 25 96 69 
59     26 75 61 41 35 01 03 10 94 59 85 28 51 79 66 77 32 71 18 65 74 95 63 73 93 56 27 33 04 29 15 78 34 72 97 47 13 50 76 68 37 52 67 90 02 12 43 25 96 69 
98 F   26 75 61 41 35 01 03 10 94 59 85 28 98 79 66 77 32 71 18 65 74 95 63 73 93 56 27 33 04 29 15 78 34 72 97 47 13 50 76 68 37 52 67 90 02 12 43 25 96 69 
79     26 75 61 41 35 01 03 10 94 59 85 28 98 79 66 77 32 71 18 65 74 95 63 73 93 56 27 33 04 29 15 78 34 72 97 47 13 50 76 68 37 52 67 90 02 12 43 25 96 69 
22 F   26 75 61 41 35 01 03 10 94 59 85 28 98 79 66 77 22 71 18 65 74 95 63 73 93 56 27 33 04 29 15 78 34 72 97 47 13 50 76 68 37 52 67 90 02 12 43 25 96 69 
39 F   26 75 61 41 35 01 03 10 94 59 85 28 98 79 66 77 22 71 18 39 74 95 63 73 93 56 27 33 04 29 15 78 34 72 97 47 13 50 76 68 37 52 67 90 02 12 43 25 96 69 
70 F   26 75 61 41 35 01 03 10 94 59 85 28 98 79 66 77 22 71 18 39 74 95 63 73 93 56 27 33 04 29 15 78 34 70 97 47 13 50 76 68 37 52 67 90 02 12 43 25 96 69 
28     26 75 61 41 35 01 03 10 94 59 85 28 98 79 66 77 22 71 18 39 74 95 63 73 93 56 27 33 04 29 15 78 34 70 97 47 13 50 76 68 37 52 67 90 02 12 43 25 96 69 
18     26 75 61 41 35 01 03 10 94 59 85 28 98 79 66 77 22 71 18 39 74 95 63 73 93 56 27 33 04 29 15 78 34 70 97 47 13 50 76 68 37 52 67 90 02 12 43 25 96 69 
56     26 75 61 41 35 01 03 10 94 59 85 28 98 79 66 77 22 71 18 39 74 95 63 73 93 56 27 33 04 29 15 78 34 70 97 47 13 50 76 68 37 52 67 90 02 12 43 25 96 69 
16 F   26 75 61 41 35 01 03 10 94 59 85 28 98 79 66 77 22 71 18 39 74 95 63 73 93 56 27 33 04 29 15 78 34 70 97 47 16 50 76 68 37 52 67 90 02 12 43 25 96 69 
31 F   26 75 61 41 35 01 03 10 94 59 85 28 98 79 66 77 22 71 18 39 74 95 63 73 93 56 27 33 04 29 15 78 34 70 97 47 16 31 76 68 37 52 67 90 02 12 43 25 96 69 
36 F   26 75 61 41 35 01 03 10 94 59 85 28 98 79 66 77 22 71 18 39 74 95 63 73 93 56 27 33 04 29 15 78 34 70 97 47 16 31 76 68 37 52 36 90 02 12 43 25 96 69 
84 F   26 75 61 41 35 01 03 10 94 59 85 28 98 79 66 77 22 71 18 39 74 95 63 73 93 56 27 33 04 29 15 78 34 70 97 47 16 31 76 68 37 52 36 90 02 12 84 25 96 69 
74     26 75 61 41 35 01 03 10 94 59 85 28 98 79 66 77 22 71 18 39 74 95 63 73 93 56 27 33 04 29 15 78 34 70 97 47 16 31 76 68 37 52 36 90 02 12 84 25 96 69 
19 F   26 75 61 41 35 01 03 10 94 59 85 28 98 79 66 77 22 71 18 39 74 95 63 73 93 56 27 33 04 29 15 78 34 70 97 47 16 31 76 68 37 52 36 90 02 12 84 19 96 69 
29     26 75 61 41 35 01 03 10 94 59 85 28 98 79 66 77 22 71 18 39 74 95 63 73 93 56 27 33 04 29 15 78 34 70 97 47 16 31 76 68 37 52 36 90 02 12 84 19 96 69 
46 F   26 75 61 41 35 01 03 10 94 59 85 28 98 79 66 77 22 71 18 39 74 95 63 73 93 56 27 33 04 29 15 78 34 70 97 47 16 31 76 68 37 52 36 90 02 12 84 19 96 46 
26     26 75 61 41 35 01 03 10 94 59 85 28 98 79 66 77 22 71 18 39 74 95 63 73 93 56 27 33 04 29 15 78 34 70 97 47 16 31 76 68 37 52 36 90 02 12 84 19 96 46 
26     26 75 61 41 35 01 03 10 94 59 85 28 98 79 66 77 22 71 18 39 74 95 63 73 93 56 27 33 04 29 15 78 34 70 97 47 16 31 76 68 37 52 36 90 02 12 84 19 96 46 
94     26 75 61 41 35 01 03 10 94 59 85 28 98 79 66 77 22 71 18 39 74 95 63 73 93 56 27 33 04 29 15 78 34 70 97 47 16 31 76 68 37 52 36 90 02 12 84 19 96 46 
41     26 75 61 41 35 01 03 10 94 59 85 28 98 79 66 77 22 71 18 39 74 95 63 73 93 56 27 33 04 29 15 78 34 70 97 47 16 31 76 68 37 52 36 90 02 12 84 19 96 46 
24 F   26 24 61 41 35 01 03 10 94 59 85 28 98 79 66 77 22 71 18 39 74 95 63 73 93 56 27 33 04 29 15 78 34 70 97 47 16 31 76 68 37 52 36 90 02 12 84 19 96 46 
98     26 24 61 41 35 01 03 10 94 59 85 28 98 79 66 77 22 71 18 39 74 95 63 73 93 56 27 33 04 29 15 78 34 70 97 47 16 31 76 68 37 52 36 90 02 12 84 19 96 46 
47     26 24 61 41 35 01 03 10 94 59 85 28 98 79 66 77 22 71 18 39 74 95 63 73 93 56 27 33 04 29 15 78 34 70 97 47 16 31 76 68 37 52 36 90 02 12 84 19 96 46 
99 F   26 24 99 41 35 01 03 10 94 59 85 28 98 79 66 77 22 71 18 39 74 95 63 73 93 56 27 33 04 29 15 78 34 70 97 47 16 31 76 68 37 52 36 90 02 12 84 19 96 46 
10     26 24 99 41 35 01 03 10 94 59 85 28 98 79 66 77 22 71 18 39 74 95 63 73 93 56 27 33 04 29 15 78 34 70 97 47 16 31 76 68 37 52 36 90 02 12 84 19 96 46 
43 F   26 24 99 41 43 01 03 10 94 59 85 28 98 79 66 77 22 71 18 39 74 95 63 73 93 56 27 33 04 29 15 78 34 70 97 47 16 31 76 68 37 52 36 90 02 12 84 19 96 46 
48 F   26 24 99 41 43 48 03 10 94 59 85 28 98 79 66 77 22 71 18 39 74 95 63 73 93 56 27 33 04 29 15 78 34 70 97 47 16 31 76 68 37 52 36 90 02 12 84 19 96 46 
78     26 24 99 41 43 48 03 10 94 59 85 28 98 79 66 77 22 71 18 39 74 95 63 73 93 56 27 33 04 29 15 78 34 70 97 47 16 31 76 68 37 52 36 90 02 12 84 19 96 46 
89 F   26 24 99 41 43 48 89 10 94 59 85 28 98 79 66 77 22 71 18 39 74 95 63 73 93 56 27 33 04 29 15 78 34 70 97 47 16 31 76 68 37 52 36 90 02 12 84 19 96 46 
71     26 24 99 41 43 48 89 10 94 59 85 28 98 79 66 77 22 71 18 39 74 95 63 73 93 56 27 33 04 29 15 78 34 70 97 47 16 31 76 68 37 52 36 90 02 12 84 19 96 46 
45 F   26 24 99 41 43 48 89 10 94 45 85 28 98 79 66 77 22 71 18 39 74 95 63 73 93 56 27 33 04 29 15 78 34 70 97 47 16 31 76 68 37 52 36 90 02 12 84 19 96 46 
55 F   26 24 99 41 43 48 89 10 94 45 55 28 98 79 66 77 22 71 18 39 74 95 63 73 93 56 27 33 04 29 15 78 34 70 97 47 16 31 76 68 37 52 36 90 02 12 84 19 96 46 
25 F   26 24 99 41 43 48 89 10 94 45 55 28 98 25 66 77 22 71 18 39 74 95 63 73 93 56 27 33 04 29 15 78 34 70 97 47 16 31 76 68 37 52 36 90 02 12 84 19 96 46 
75 F   26 24 99 41 43 48 89 10 94 45 55 28 98 25 75 77 22 71 18 39 74 95 63 73 93 56 27 33 04 29 15 78 34 70 97 47 16 31 76 68 37 52 36 90 02 12 84 19 96 46 
31     26 24 99 41 43 48 89 10 94 45 55 28 98 25 75 77 22 71 18 39 74 95 63 73 93 56 27 33 04 29 15 78 34 70 97 47 16 31 76 68 37 52 36 90 02 12 84 19 96 46 
04     26 24 99 41 43 48 89 10 94 45 55 28 98 25 75 77 22 71 18 39 74 95 63 73 93 56 27 33 04 29 15 78 34 70 97 47 16 31 76 68 37 52 36 90 02 12 84 19 96 46 
99     26 24 99 41 43 48 89 10 94 45 55 28 98 25 75 77 22 71 18 39 74 95 63 73 93 56 27 33 04 29 15 78 34 70 97 47 16 31 76 68 37 52 36 90 02 12 84 19 96 46 
10     26 24 99 41 43 48 89 10 94 45 55 28 98 25 75 77 22 71 18 39 74 95 63 73 93 56 27 33 04 29 15 78 34 70 97 47 16 31 76 68 37 52 36 90 02 12 84 19 96 46 
96     26 24 99 41 43 48 89 10 94 45 55 28 98 25 75 77 22 71 18 39 74 95 63 73 93 56 27 33 04 29 15 78 34 70 97 47 16 31 76 68 37 52 36 90 02 12 84 19 96 46 
99     26 24 99 41 43 48 89 10 94 45 55 28 98 25 75 77 22 71 18 39 74 95 63 73 93 56 27 33 04 29 15 78 34 70 97 47 16 31 76 68 37 52 36 90 02 12 84 19 96 46 
35 F   26 24 99 41 43 48 89 10 94 45 55 28 98 25 75 35 22 71 18 39 74 95 63 73 93 56 27 33 04 29 15 78 34 70 97 47 16 31 76 68 37 52 36 90 02 12 84 19 96 46 
63     26 24 99 41 43 48 89 10 94 45 55 28 98 25 75 35 22 71 18 39 74 95 63 73 93 56 27 33 04 29 15 78 34 70 97 47 16 31 76 68 37 52 36 90 02 12 84 19 96 46 
76     26 24 99 41 43 48 89 10 94 45 55 28 98 25 75 35 22 71 18 39 74 95 63 73 93 56 27 33 04 29 15 78 34 70 97 47 16 31 76 68 37 52 36 90 02 12 84 19 96 46 
67 F   26 24 99 41 43 48 89 10 94 45 55 28 98 25 75 35 22 71 18 39 74 67 63 73 93 56 27 33 04 29 15 78 34 70 97 47 16 31 76 68 37 52 36 90 02 12 84 19 96 46 
33     26 24 99 41 43 48 89 10 94 45 55 28 98 25 75 35 22 71 18 39 74 67 63 73 93 56 27 33 04 29 15 78 34 70 97 47 16 31 76 68 37 52 36 90 02 12 84 19 96 46 
06 F   26 24 99 41 43 48 89 10 94 45 55 28 98 25 75 35 22 71 18 39 74 67 63 06 93 56 27 33 04 29 15 78 34 70 97 47 16 31 76 68 37 52 36 90 02 12 84 19 96 46 
15     26 24 99 41 43 48 89 10 94 45 55 28 98 25 75 35 22 71 18 39 74 67 63 06 93 56 27 33 04 29 15 78 34 70 97 47 16 31 76 68 37 52 36 90 02 12 84 19 96 46 
79 F   26 24 99 41 43 48 89 10 94 45 55 28 98 25 75 35 22 71 18 39 74 67 63 06 79 56 27 33 04 29 15 78 34 70 97 47 16 31 76 68 37 52 36 90 02 12 84 19 96 46 
09 F   26 24 99 41 43 48 89 10 94 45 55 28 98 25 75 35 22 71 18 39 74 67 63 06 79 56 09 33 04 29 15 78 34 70 97 47 16 31 76 68 37 52 36 90 02 12 84 19 96 46 
24     26 24 99 41 43 48 89 10 94 45 55 28 98 25 75 35 22 71 18 39 74 67 63 06 79 56 09 33 04 29 15 78 34 70 97 47 16 31 76 68 37 52 36 90 02 12 84 19 96 46 
34     26 24 99 41 43 48 89 10 94 45 55 28 98 25 75 35 22 71 18 39 74 67 63 06 79 56 09 33 04 29 15 78 34 70 97 47 16 31 76 68 37 52 36 90 02 12 84 19 96 46 
94     26 24 99 41 43 48 89 10 94 45 55 28 98 25 75 35 22 71 18 39 74 67 63 06 79 56 09 33 04 29 15 78 34 70 97 47 16 31 76 68 37 52 36 90 02 12 84 19 96 46 
79     26 24 99 41 43 48 89 10 94 45 55 28 98 25 75 35 22 71 18 39 74 67 63 06 79 56 09 33 04 29 15 78 34 70 97 47 16 31 76 68 37 52 36 90 02 12 84 19 96 46 
13 F   26 24 99 41 43 48 89 10 94 45 55 28 98 25 75 35 22 71 18 39 74 67 63 06 79 56 09 33 04 29 15 78 34 70 13 47 16 31 76 68 37 52 36 90 02 12 84 19 96 46 
41     26 24 99 41 43 48 89 10 94 45 55 28 98 25 75 35 22 71 18 39 74 67 63 06 79 56 09 33 04 29 15 78 34 70 13 47 16 31 76 68 37 52 36 90 02 12 84 19 96 46 
65 F   26 24 99 41 43 48 89 10 94 45 55 28 98 25 75 35 22 71 18 39 74 67 63 06 79 56 09 33 04 29 15 78 34 70 13 47 16 31 76 65 37 52 36 90 02 12 84 19 96 46 
20 F   26 24 99 41 43 48 89 10 94 45 55 28 98 25 75 35 22 71 18 39 74 67 63 06 79 56 09 33 04 29 15 78 34 70 13 47 16 31 76 65 20 52 36 90 02 12 84 19 96 46 
04     26 24 99 41 43 48 89 10 94 45 55 28 98 25 75 35 22 71 18 39 74 67 63 06 79 56 09 33 04 29 15 78 34 70 13 47 16 31 76 65 20 52 36 90 02 12 84 19 96 46 
73 F   26 24 99 41 43 48 89 10 94 45 55 28 98 25 75 35 22 71 18 39 74 67 63 06 79 56 09 33 04 29 15 78 34 70 13 47 16 31 76 65 20 73 36 90 02 12 84 19 96 46 
77 F   26 24 99 41 43 48 89 10 94 45 55 28 98 25 75 35 22 71 18 39 74 67 63 06 79 56 09 33 04 29 15 78 34 70 13 47 16 31 76 65 20 73 36 77 02 12 84 19 96 46 
02     26 24 99 41 43 48 89 10 94 45 55 28 98 25 75 35 22 71 18 39 74 67 63 06 79 56 09 33 04 29 15 78 34 70 13 47 16 31 76 65 20 73 36 77 02 12 84 19 96 46 
69 F   26 24 99 41 43 48 89 10 94 45 55 28 98 25 75 35 22 71 18 39 74 67 63 06 79 56 09 33 04 29 15 78 34 70 13 47 16 31 76 65 20 73 36 77 02 69 84 19 96 46 
97 F   97 24 99 41 43 48 89 10 94 45 55 28 98 25 75 35 22 71 18 39 74 67 63 06 79 56 09 33 04 29 15 78 34 70 13 47 16 31 76 65 20 73 36 77 02 69 84 19 96 46 
29     97 24 99 41 43 48 89 10 94 45 55 28 98 25 75 35 22 71 18 39 74 67 63 06 79 56 09 33 04 29 15 78 34 70 13 47 16 31 76 65 20 73 36 77 02 69 84 19 96 46 
18     97 24 99 41 43 48 89 10 94 45 55 28 98 25 75 35 22 71 18 39 74 67 63 06 79 56 09 33 04 29 15 78 34 70 13 47 16 31 76 65 20 73 36 77 02 69 84 19 96 46 
06     97 24 99 41 43 48 89 10 94 45 55 28 98 25 75 35 22 71 18 39 74 67 63 06 79 56 09 33 04 29 15 78 34 70 13 47 16 31 76 65 20 73 36 77 02 69 84 19 96 46 
48     97 24 99 41 43 48 89 10 94 45 55 28 98 25 75 35 22 71 18 39 74 67 63 06 79 56 09 33 04 29 15 78 34 70 13 47 16 31 76 65 20 73 36 77 02 69 84 19 96 46 
80 F   97 24 99 41 43 48 89 10 94 45 55 80 98 25 75 35 22 71 18 39 74 67 63 06 79 56 09 33 04 29 15 78 34 70 13 47 16 31 76 65 20 73 36 77 02 69 84 19 96 46 
54 F   97 24 99 41 43 48 89 10 94 45 55 80 54 25 75 35 22 71 18 39 74 67 63 06 79 56 09 33 04 29 15 78 34 70 13 47 16 31 76 65 20 73 36 77 02 69 84 19 96 46 
83 F   97 24 99 41 43 48 89 10 94 45 55 80 54 25 75 35 83 71 18 39 74 67 63 06 79 56 09 33 04 29 15 78 34 70 13 47 16 31 76 65 20 73 36 77 02 69 84 19 96 46 
28 F   97 24 99 41 43 48 89 10 94 45 55 80 54 25 75 35 83 28 18 39 74 67 63 06 79 56 09 33 04 29 15 78 34 70 13 47 16 31 76 65 20 73 36 77 02 69 84 19 96 46 
86 F   97 24 99 41 43 48 89 10 94 45 55 80 54 25 75 35 83 28 18 86 74 67 63 06 79 56 09 33 04 29 15 78 34 70 13 47 16 31 76 65 20 73 36 77 02 69 84 19 96 46 
66 F   97 24 99 41 43 48 89 10 94 45 55 80 54 25 75 35 83 28 18 86 66 67 63 06 79 56 09 33 04 29 15 78 34 70 13 47 16 31 76 65 20 73 36 77 02 69 84 19 96 46 
10     97 24 99 41 43 48 89 10 94 45 55 80 54 25 75 35 83 28 18 86 66 67 63 06 79 56 09 33 04 29 15 78 34 70 13 47 16 31 76 65 20 73 36 77 02 69 84 19 96 46 
73     97 24 99 41 43 48 89 10 94 45 55 80 54 25 75 35 83 28 18 86 66 67 63 06 79 56 09 33 04 29 15 78 34 70 13 47 16 31 76 65 20 73 36 77 02 69 84 19 96 46 
72 F   97 24 99 41 43 48 89 10 94 45 55 80 54 25 75 35 83 28 18 86 66 67 72 06 79 56 09 33 04 29 15 78 34 70 13 47 16 31 76 65 20 73 36 77 02 69 84 19 96 46 
23 F   97 24 99 41 43 48 89 10 94 45 55 80 54 25 75 35 83 28 18 86 66 67 72 06 79 23 09 33 04 29 15 78 34 70 13 47 16 31 76 65 20 73 36 77 02 69 84 19 96 46 
38 F   97 24 99 41 43 48 89 10 94 45 55 80 54 25 75 35 83 28 18 86 66 67 72 06 79 23 09 38 04 29 15 78 34 70 13 47 16 31 76 65 20 73 36 77 02 69 84 19 96 46 
72     97 24 99 41 43 48 89 10 94 45 55 80 54 25 75 35 83 28 18 86 66 67 72 06 79 23 09 38 04 29 15 78 34 70 13 47 16 31 76 65 20 73 36 77 02 69 84 19 96 46 
81 F   97 24 99 41 43 48 89 10 94 45 55 80 54 25 75 35 83 28 18 86 66 67 72 06 79 23 09 38 04 29 81 78 34 70 13 47 16 31 76 65 20 73 36 77 02 69 84 19 96 46 
60 F   97 24 99 41 43 48 89 10 94 45 55 80 54 25 75 35 83 28 18 86 66 67 72 06 79 23 09 38 04 29 81 60 34 70 13 47 16 31 76 65 20 73 36 77 02 69 84 19 96 46 
29     97 24 99 41 43 48 89 10 94 45 55 80 54 25 75 35 83 28 18 86 66 67 72 06 79 23 09 38 04 29 81 60 34 70 13 47 16 31 76 65 20 73 36 77 02 69 84 19 96 46 
77     97 24 99 41 43 48 89 10 94 45 55 80 54 25 75 35 83 28 18 86 66 67 72 06 79 23 09 38 04 29 81 60 34 70 13 47 16 31 76 65 20 73 36 77 02 69 84 19 96 46 
72     97 24 99 41 43 48 89 10 94 45 55 80 54 25 75 35 83 28 18 86 66 67 72 06 79 23 09 38 04 29 81 60 34 70 13 47 16 31 76 65 20 73 36 77 02 69 84 19 96 46 
91 F   97 24 99 41 43 48 89 10 94 45 55 80 54 25 75 35 83 28 18 86 66 67 72 06 79 23 09 38 04 29 81 60 91 70 13 47 16 31 76 65 20 73 36 77 02 69 84 19 96 46 
47     97 24 99 41 43 48 89 10 94 45 55 80 54 25 75 35 83 28 18 86 66 67 72 06 79 23 09 38 04 29 81 60 91 70 13 47 16 31 76 65 20 73 36 77 02 69 84 19 96 46 
69     97 24 99 41 43 48 89 10 94 45 55 80 54 25 75 35 83 28 18 86 66 67 72 06 79 23 09 38 04 29 81 60 91 70 13 47 16 31 76 65 20 73 36 77 02 69 84 19 96 46 
87 F   97 24 99 41 43 48 89 10 94 45 55 80 54 25 75 35 83 28 18 86 66 67 72 06 79 23 09 38 04 29 81 60 91 87 13 47 16 31 76 65 20 73 36 77 02 69 84 19 96 46 
16     97 24 99 41 43 48 89 10 94 45 55 80 54 25 75 35 83 28 18 86 66 67 72 06 79 23 09 38 04 29 81 60 91 87 13 47 16 31 76 65 20 73 36 77 02 69 84 19 96 46 
45     97 24 99 41 43 48 89 10 94 45 55 80 54 25 75 35 83 28 18 86 66 67 72 06 79 23 09 38 04 29 81 60 91 87 13 47 16 31 76 65 20 73 36 77 02 69 84 19 96 46 
78 F   97 24 99 41 43 48 89 10 94 45 55 80 54 25 75 35 83 28 18 86 66 67 72 06 79 23 09 38 04 29 81 60 91 87 13 47 16 78 76 65 20 73 36 77 02 69 84 19 96 46 
70 F   97 24 99 41 43 48 89 10 94 45 55 80 54 25 75 35 83 28 18 86 66 67 72 06 79 23 09 38 04 29 81 60 91 87 13 47 16 78 70 65 20 73 36 77 02 69 84 19 96 46 
63 F   97 24 99 41 43 48 89 10 94 45 55 80 54 25 75 35 83 28 18 86 66 67 72 06 79 23 09 38 04 29 81 60 91 87 13 47 16 78 70 65 20 73 63 77 02 69 84 19 96 46 
40 F   97 24 99 41 43 48 89 10 94 45 55 80 54 25 75 35 83 28 18 86 66 67 72 06 79 23 09 38 04 29 81 60 91 87 13 47 16 78 70 65 20 73 63 77 40 69 84 19 96 46 
17 F   97 24 99 41 43 48 89 10 94 45 55 80 54 25 75 35 83 28 18 86 66 67 72 06 79 23 09 38 04 29 81 60 91 87 13 47 16 78 70 65 20 73 63 77 40 69 17 19 96 46 
84 F   97 24 99 41 43 48 89 10 94 45 55 80 54 25 75 35 83 28 18 86 66 67 72 06 79 23 09 38 04 29 81 60 91 87 13 47 16 78 70 65 20 73 63 77 40 69 17 84 96 46 
30 F   97 24 99 41 43 48 89 10 94 45 55 80 54 25 75 35 83 28 18 86 66 67 72 06 79 23 09 38 04 29 81 60 91 87 13 47 16 78 70 65 20 73 63 77 40 69 17 84 30 46 
20     97 24 99 41 43 48 89 10 94 45 55 80 54 25 75 35 83 28 18 86 66 67 72 06 79 23 09 38 04 29 81 60 91 87 13 47 16 78 70 65 20 73 63 77 40 69 17 84 30 46 
42 F   97 24 99 41 43 48 89 10 94 45 55 80 54 25 75 35 83 28 18 86 66 67 72 06 79 23 09 38 04 29 81 60 91 87 13 47 16 78 70 65 20 73 63 77 40 69 17 84 30 42 
36 F   97 36 99 41 43 48 89 10 94 45 55 80 54 25 75 35 83 28 18 86 66 67 72 06 79 23 09 38 04 29 81 60 91 87 13 47 16 78 70 65 20 73 63 77 40 69 17 84 30 42 
19 F   97 36 19 41 43 48 89 10 94 45 55 80 54 25 75 35 83 28 18 86 66 67 72 06 79 23 09 38 04 29 81 60 91 87 13 47 16 78 70 65 20 73 63 77 40 69 17 84 30 42 
49 F   97 36 19 49 43 48 89 10 94 45 55 80 54 25 75 35 83 28 18 86 66 67 72 06 79 23 09 38 04 29 81 60 91 87 13 47 16 78 70 65 20 73 63 77 40 69 17 84 30 42 
38     97 36 19 49 43 48 89 10 94 45 55 80 54 25 75 35 83 28 18 86 66 67 72 06 79 23 09 38 04 29 81 60 91 87 13 47 16 78 70 65 20 73 63 77 40 69 17 84 30 42 
24 F   97 36 19 49 24 48 89 10 94 45 55 80 54 25 75 35 83 28 18 86 66 67 72 06 79 23 09 38 04 29 81 60 91 87 13 47 16 78 70 65 20 73 63 77 40 69 17 84 30 42 
70     97 36 19 49 24 48 89 10 94 45 55 80 54 25 75 35 83 28 18 86 66 67 72 06 79 23 09 38 04 29 81 60 91 87 13 47 16 78 70 65 20 73 63 77 40 69 17 84 30 42 
26 F   97 36 19 49 24 26 89 10 94 45 55 80 54 25 75 35 83 28 18 86 66 67 72 06 79 23 09 38 04 29 81 60 91 87 13 47 16 78 70 65 20 73 63 77 40 69 17 84 30 42 
10     97 36 19 49 24 26 89 10 94 45 55 80 54 25 75 35 83 28 18 86 66 67 72 06 79 23 09 38 04 29 81 60 91 87 13 47 16 78 70 65 20 73 63 77 40 69 17 84 30 42 
02 F   97 36 19 49 24 26 02 10 94 45 55 80 54 25 75 35 83 28 18 86 66 67 72 06 79 23 09 38 04 29 81 60 91 87 13 47 16 78 70 65 20 73 63 77 40 69 17 84 30 42 
18     97 36 19 49 24 26 02 10 94 45 55 80 54 25 75 35 83 28 18 86 66 67 72 06 79 23 09 38 04 29 81 60 91 87 13 47 16 78 70 65 20 73 63 77 40 69 17 84 30 42 
86     97 36 19 49 24 26 02 10 94 45 55 80 54 25 75 35 83 28 18 86 66 67 72 06 79 23 09 38 04 29 81 60 91 87 13 47 16 78 70 65 20 73 63 77 40 69 17 84 30 42 
68 F   97 36 19 49 24 26 02 10 68 45 55 80 54 25 75 35 83 28 18 86 66 67 72 06 79 23 09 38 04 29 81 60 91 87 13 47 16 78 70 65 20 73 63 77 40 69 17 84 30 42 
36     97 36 19 49 24 26 02 10 68 45 55 80 54 25 75 35 83 28 18 86 66 67 72 06 79 23 09 38 04 29 81 60 91 87 13 47 16 78 70 65 20 73 63 77 40 69 17 84 30 42 
29     97 36 19 49 24 26 02 10 68 45 55 80 54 25 75 35 83 28 18 86 66 67 72 06 79 23 09 38 04 29 81 60 91 87 13 47 16 78 70 65 20 73 63 77 40 69 17 84 30 42 
95 F   97 36 19 49 24 26 02 10 68 45 95 80 54 25 75 35 83 28 18 86 66 67 72 06 79 23 09 38 04 29 81 60 91 87 13 47 16 78 70 65 20 73 63 77 40 69 17 84 30 42 
94 F   97 36 19 49 24 26 02 10 68 45 95 80 54 94 75 35 83 28 18 86 66 67 72 06 79 23 09 38 04 29 81 60 91 87 13 47 16 78 70 65 20 73 63 77 40 69 17 84 30 42 
12 F   97 36 19 49 24 26 02 10 68 45 95 80 54 94 12 35 83 28 18 86 66 67 72 06 79 23 09 38 04 29 81 60 91 87 13 47 16 78 70 65 20 73 63 77 40 69 17 84 30 42 
15 F   97 36 19 49 24 26 02 10 68 45 95 80 54 94 12 15 83 28 18 86 66 67 72 06 79 23 09 38 04 29 81 60 91 87 13 47 16 78 70 65 20 73 63 77 40 69 17 84 30 42 
69     97 36 19 49 24 26 02 10 68 45 95 80 54 94 12 15 83 28 18 86 66 67 72 06 79 23 09 38 04 29 81 60 91 87 13 47 16 78 70 65 20 73 63 77 40 69 17 84 30 42 
78     97 36 19 49 24 26 02 10 68 45 95 80 54 94 12 15 83 28 18 86 66 67 72 06 79 23 09 38 04 29 81 60 91 87 13 47 16 78 70 65 20 73 63 77 40 69 17 84 30 42 
60     97 36 19 49 24 26 02 10 68 45 95 80 54 94 12 15 83 28 18 86 66 67 72 06 79 23 09 38 04 29 81 60 91 87 13 47 16 78 70 65 20 73 63 77 40 69 17 84 30 42 
06     97 36 19 49 24 26 02 10 68 45 95 80 54 94 12 15 83 28 18 86 66 67 72 06 79 23 09 38 04 29 81 60 91 87 13 47 16 78 70 65 20 73 63 77 40 69 17 84 30 42 
96 F   97 36 19 49 24 26 02 10 68 45 95 80 54 94 12 15 83 28 18 86 66 96 72 06 79 23 09 38 04 29 81 60 91 87 13 47 16 78 70 65 20 73 63 77 40 69 17 84 30 42 
65     97 36 19 49 24 26 02 10 68 45 95 80 54 94 12 15 83 28 18 86 66 96 72 06 79 23 09 38 04 29 81 60 91 87 13 47 16 78 70 65 20 73 63 77 40 69 17 84 30 42 
13     97 36 19 49 24 26 02 10 68 45 95 80 54 94 12 15 83 28 18 86 66 96 72 06 79 23 09 38 04 29 81 60 91 87 13 47 16 78 70 65 20 73 63 77 40 69 17 84 30 42 
63     97 36 19 49 24 26 02 10 68 45 95 80 54 94 12 15 83 28 18 86 66 96 72 06 79 23 09 38 04 29 81 60 91 87 13 47 16 78 70 65 20 73 63 77 40 69 17 84 30 42 
72     97 36 19 49 24 26 02 10 68 45 95 80 54 94 12 15 83 28 18 86 66 96 72 06 79 23 09 38 04 29 81 60 91 87 13 47 16 78 70 65 20 73 63 77 40 69 17 84 30 42 
25 F   97 36 19 49 24 26 02 10 68 45 95 80 54 94 12 15 83 28 18 86 66 96 72 06 25 23 09 38 04 29 81 60 91 87 13 47 16 78 70 65 20 73 63 77 40 69 17 84 30 42 
97     97 36 19 49 24 26 02 10 68 45 95 80 54 94 12 15 83 28 18 86 66 96 72 06 25 23 09 38 04 29 81 60 91 87 13 47 16 78 70 65 20 73 63 77 40 69 17 84 30 42 
52 F   97 36 19 49 24 26 02 10 68 45 95 80 54 94 12 15 83 28 18 86 66 96 72 06 25 23 52 38 04 29 81 60 91 87 13 47 16 78 70 65 20 73 63 77 40 69 17 84 30 42 
95     97 36 19 49 24 26 02 10 68 45 95 80 54 94 12 15 83 28 18 86 66 96 72 06 25 23 52 38 04 29 81 60 91 87 13 47 16 78 70 65 20 73 63 77 40 69 17 84 30 42 
98 F   97 36 19 49 24 26 02 10 68 45 95 80 54 94 12 15 83 28 18 86 66 96 72 06 25 23 52 38 98 29 81 60 91 87 13 47 16 78 70 65 20 73 63 77 40 69 17 84 30 42 
78     97 36 19 49 24 26 02 10 68 45 95 80 54 94 12 15 83 28 18 86 66 96 72 06 25 23 52 38 98 29 81 60 91 87 13 47 16 78 70 65 20 73 63 77 40 69 17 84 30 42 
65     97 36 19 49 24 26 02 10 68 45 95 80 54 94 12 15 83 28 18 86 66 96 72 06 25 23 52 38 98 29 81 60 91 87 13 47 16 78 70 65 20 73 63 77 40 69 17 84 30 42 
53 F   97 36 19 49 24 26 02 10 68 45 95 80 54 94 12 15 83 28 18 86 66 96 72 06 25 23 52 38 98 29 81 60 91 87 13 53 16 78 70 65 20 73 63 77 40 69 17 84 30 42 
99 F   97 36 19 49 24 26 02 10 68 45 95 80 54 94 12 15 83 28 18 86 66 96 72 06 25 23 52 38 98 29 81 60 91 87 13 53 99 78 70 65 20 73 63 77 40 69 17 84 30 42 
92 F   97 36 19 49 24 26 02 10 68 45 95 80 54 94 12 15 83 28 18 86 66 96 72 06 25 23 52 38 98 29 81 60 91 87 13 53 99 78 70 65 20 92 63 77 40 69 17 84 30 42 
18     97 36 19 49 24 26 02 10 68 45 95 80 54 94 12 15 83 28 18 86 66 96 72 06 25 23 52 38 98 29 81 60 91 87 13 53 99 78 70 65 20 92 63 77 40 69 17 84 30 42 
67 F   97 36 19 49 24 26 02 10 68 45 95 80 54 94 12 15 83 28 18 86 66 96 72 06 25 23 52 38 98 29 81 60 91 87 13 53 99 78 70 65 20 92 63 67 40 69 17 84 30 42 
26     97 36 19 49 24 26 02 10 68 45 95 80 54 94 12 15 83 28 18 86 66 96 72 06 25 23 52 38 98 29 81 60 91 87 13 53 99 78 70 65 20 92 63 67 40 69 17 84 30 42 
10     97 36 19 49 24 26 02 10 68 45 95 80 54 94 12 15 83 28 18 86 66 96 72 06 25 23 52 38 98 29 81 60 91 87 13 53 99 78 70 65 20 92 63 67 40 69 17 84 30 42 
68     97 36 19 49 24 26 02 10 68 45 95 80 54 94 12 15 83 28 18 86 66 96 72 06 25 23 52 38 98 29 81 60 91 87 13 53 99 78 70 65 20 92 63 67 40 69 17 84 30 42 
77 F   97 36 19 49 24 26 02 10 68 77 95 80 54 94 12 15 83 28 18 86 66 96 72 06 25 23 52 38 98 29 81 60 91 87 13 53 99 78 70 65 20 92 63 67 40 69 17 84 30 42 
53     97 36 19 49 24 26 02 10 68 77 95 80 54 94 12 15 83 28 18 86 66 96 72 06 25 23 52 38 98 29 81 60 91 87 13 53 99 78 70 65 20 92 63 67 40 69 17 84 30 42 
38     97 36 19 49 24 26 02 10 68 77 95 80 54 94 12 15 83 28 18 86 66 96 72 06 25 23 52 38 98 29 81 60 91 87 13 53 99 78 70 65 20 92 63 67 40 69 17 84 30 42 
36     97 36 19 49 24 26 02 10 68 77 95 80 54 94 12 15 83 28 18 86 66 96 72 06 25 23 52 38 98 29 81 60 91 87 13 53 99 78 70 65 20 92 63 67 40 69 17 84 30 42 
94     97 36 19 49 24 26 02 10 68 77 95 80 54 94 12 15 83 28 18 86 66 96 72 06 25 23 52 38 98 29 81 60 91 87 13 53 99 78 70 65 20 92 63 67 40 69 17 84 30 42 
36     97 36 19 49 24 26 02 10 68 77 95 80 54 94 12 15 83 28 18 86 66 96 72 06 25 23 52 38 98 29 81 60 91 87 13 53 99 78 70 65 20 92 63 67 40 69 17 84 30 42 
67     97 36 19 49 24 26 02 10 68 77 95 80 54 94 12 15 83 28 18 86 66 96 72 06 25 23 52 38 98 29 81 60 91 87 13 53 99 78 70 65 20 92 63 67 40 69 17 84 30 42 
27 F   97 36 19 49 24 26 02 10 68 77 95 27 54 94 12 15 83 28 18 86 66 96 72 06 25 23 52 38 98 29 81 60 91 87 13 53 99 78 70 65 20 92 63 67 40 69 17 84 30 42 
07 F   97 36 19 49 24 26 02 10 68 77 95 27 07 94 12 15 83 28 18 86 66 96 72 06 25 23 52 38 98 29 81 60 91 87 13 53 99 78 70 65 20 92 63 67 40 69 17 84 30 42 
87     97 36 19 49 24 26 02 10 68 77 95 27 07 94 12 15 83 28 18 86 66 96 72 06 25 23 52 38 98 29 81 60 91 87 13 53 99 78 70 65 20 92 63 67 40 69 17 84 30 42 
57 F   97 36 19 49 24 26 02 10 68 77 95 27 07 94 12 15 57 28 18 86 66 96 72 06 25 23 52 38 98 29 81 60 91 87 13 53 99 78 70 65 20 92 63 67 40 69 17 84 30 42 
90 F   97 36 19 49 24 26 02 10 68 77 95 27 07 94 12 15 57 90 18 86 66 96 72 06 25 23 52 38 98 29 81 60 91 87 13 53 99 78 70 65 20 92 63 67 40 69 17 84 30 42 
77     97 36 19 49 24 26 02 10 68 77 95 27 07 94 12 15 57 90 18 86 66 96 72 06 25 23 52 38 98 29 81 60 91 87 13 53 99 78 70 65 20 92 63 67 40 69 17 84 30 42 
41 F   97 36 19 49 24 26 02 10 68 77 95 27 07 94 12 15 57 90 18 41 66 96 72 06 25 23 52 38 98 29 81 60 91 87 13 53 99 78 70 65 20 92 63 67 40 69 17 84 30 42 
68     97 36 19 49 24 26 02 10 68 77 95 27 07 94 12 15 57 90 18 41 66 96 72 06 25 23 52 38 98 29 81 60 91 87 13 53 99 78 70 65 20 92 63 67 40 69 17 84 30 42 
31 F   97 36 19 49 24 26 02 10 68 77 95 27 07 94 12 15 57 90 18 41 31 96 72 06 25 23 52 38 98 29 81 60 91 87 13 53 99 78 70 65 20 92 63 67 40 69 17 84 30 42 
94     97 36 19 49 24 26 02 10 68 77 95 27 07 94 12 15 57 90 18 41 31 96 72 06 25 23 52 38 98 29 81 60 91 87 13 53 99 78 70 65 20 92 63 67 40 69 17 84 30 42 
93 F   97 36 19 49 24 26 02 10 68 77 95 27 07 94 12 15 57 90 18 41 31 96 93 06 25 23 52 38 98 29 81 60 91 87 13 53 99 78 70 65 20 92 63 67 40 69 17 84 30 42 
14 F   97 36 19 49 24 26 02 10 68 77 95 27 07 94 12 15 57 90 18 41 31 96 93 14 25 23 52 38 98 29 81 60 91 87 13 53 99 78 70 65 20 92 63 67 40 69 17 84 30 42 
53     97 36 19 49 24 26 02 10 68 77 95 27 07 94 12 15 57 90 18 41 31 96 93 14 25 23 52 38 98 29 81 60 91 87 13 53 99 78 70 65 20 92 63 67 40 69 17 84 30 42 
47 F   97 36 19 49 24 26 02 10 68 77 95 27 07 94 12 15 57 90 18 41 31 96 93 14 25 47 52 38 98 29 81 60 91 87 13 53 99 78 70 65 20 92 63 67 40 69 17 84 30 42 
10     97 36 19 49 24 26 02 10 68 77 95 27 07 94 12 15 57 90 18 41 31 96 93 14 25 47 52 38 98 29 81 60 91 87 13 53 99 78 70 65 20 92 63 67 40 69 17 84 30 42 
62 F   97 36 19 49 24 26 02 10 68 77 95 27 07 94 12 15 57 90 18 41 31 96 93 14 25 47 52 38 98 62 81 60 91 87 13 53 99 78 70 65 20 92 63 67 40 69 17 84 30 42 
81     97 36 19 49 24 26 02 10 68 77 95 27 07 94 12 15 57 90 18 41 31 96 93 14 25 47 52 38 98 62 81 60 91 87 13 53 99 78 70 65 20 92 63 67 40 69 17 84 30 42 
55 F   97 36 19 49 24 26 02 10 68 77 95 27 07 94 12 15 57 90 18 41 31 96 93 14 25 47 52 38 98 62 81 55 91 87 13 53 99 78 70 65 20 92 63 67 40 69 17 84 30 42 
81     97 36 19 49 24 26 02 10 68 77 95 27 07 94 12 15 57 90 18 41 31 96 93 14 25 47 52 38 98 62 81 55 91 87 13 53 99 78 70 65 20 92 63 67 40 69 17 84 30 42 
98     97 36 19 49 24 26 02 10 68 77 95 27 07 94 12 15 57 90 18 41 31 96 93 14 25 47 52 38 98 62 81 55 91 87 13 53 99 78 70 65 20 92 63 67 40 69 17 84 30 42 
57     97 36 19 49 24 26 02 10 68 77 95 27 07 94 12 15 57 90 18 41 31 96 93 14 25 47 52 38 98 62 81 55 91 87 13 53 99 78 70 65 20 92 63 67 40 69 17 84 30 42 
19     97 36 19 49 24 26 02 10 68 77 95 27 07 94 12 15 57 90 18 41 31 96 93 14 25 47 52 38 98 62 81 55 91 87 13 53 99 78 70 65 20 92 63 67 40 69 17 84 30 42 
39 F   97 36 19 49 24 26 02 10 68 77 95 27 07 94 12 15 57 90 18 41 31 96 93 14 25 47 52 38 98 62 81 55 39 87 13 53 99 78 70 65 20 92 63 67 40 69 17 84 30 42 
07     97 36 19 49 24 26 02 10 68 77 95 27 07 94 12 15 57 90 18 41 31 96 93 14 25 47 52 38 98 62 81 55 39 87 13 53 99 78 70 65 20 92 63 67 40 69 17 84 30 42 
60 F   97 36 19 49 24 26 02 10 68 77 95 27 07 94 12 15 57 90 18 41 31 96 93 14 25 47 52 38 98 62 81 55 39 87 60 53 99 78 70 65 20 92 63 67 40 69 17 84 30 42 
65     97 36 19 49 24 26 02 10 68 77 95 27 07 94 12 15 57 90 18 41 31 96 93 14 25 47 52 38 98 62 81 55 39 87 60 53 99 78 70 65 20 92 63 67 40 69 17 84 30 42 
09 F   97 36 19 49 24 26 02 10 68 77 95 27 07 94 12 15 57 90 18 41 31 96 93 14 25 47 52 38 98 62 81 55 39 87 60 53 99 09 70 65 20 92 63 67 40 69 17 84 30 42 
76 F   97 36 19 49 24 26 02 10 68 77 95 27 07 94 12 15 57 90 18 41 31 96 93 14 25 47 52 38 98 62 81 55 39 87 60 53 99 09 76 65 20 92 63 67 40 69 17 84 30 42 
93     97 36 19 49 24 26 02 10 68 77 95 27 07 94 12 15 57 90 18 41 31 96 93 14 25 47 52 38 98 62 81 55 39 87 60 53 99 09 76 65 20 92 63 67 40 69 17 84 30 42 
87     97 36 19 49 24 26 02 10 68 77 95 27 07 94 12 15 57 90 18 41 31 96 93 14 25 47 52 38 98 62 81 55 39 87 60 53 99 09 76 65 20 92 63 67 40 69 17 84 30 42 
27     97 36 19 49 24 26 02 10 68 77 95 27 07 94 12 15 57 90 18 41 31 96 93 14 25 47 52 38 98 62 81 55 39 87 60 53 99 09 76 65 20 92 63 67 40 69 17 84 30 42 
67     97 36 19 49 24 26 02 10 68 77 95 27 07 94 12 15 57 90 18 41 31 96 93 14 25 47 52 38 98 62 81 55 39 87 60 53 99 09 76 65 20 92 63 67 40 69 17 84 30 42 
90     97 36 19 49 24 26 02 10 68 77 95 27 07 94 12 15 57 90 18 41 31 96 93 14 25 47 52 38 98 62 81 55 39 87 60 53 99 09 76 65 20 92 63 67 40 69 17 84 30 42 
46 F   97 36 19 49 24 26 02 10 68 77 95 27 07 94 12 15 57 90 18 41 31 96 93 14 25 47 52 38 98 62 81 55 39 87 60 53 99 09 76 65 46 92 63 67 40 69 17 84 30 42 
11 F   97 36 19 49 24 26 02 10 68 77 95 27 07 94 12 15 57 90 18 41 31 96 93 14 25 47 52 38 98 62 81 55 39 87 60 53 99 09 76 65 46 92 11 67 40 69 17 84 30 42 
17     97 36 19 49 24 26 02 10 68 77 95 27 07 94 12 15 57 90 18 41 31 96 93 14 25 47 52 38 98 62 81 55 39 87 60 53 99 09 76 65 46 92 11 67 40 69 17 84 30 42 
70 F   97 36 19 49 24 26 02 10 68 77 95 27 07 94 12 15 57 90 18 41 31 96 93 14 25 47 52 38 98 62 81 55 39 87 60 53 99 09 76 65 46 92 11 67 70 69 17 84 30 42 
06 F   97 36 19 49 24 26 02 10 68 77 95 27 07 94 12 15 57 90 18 41 31 96 93 14 25 47 52 38 98 62 81 55 39 87 60 53 99 09 76 65 46 92 11 67 70 06 17 84 30 42 
19     97 36 19 49 24 26 02 10 68 77 95 27 07 94 12 15 57 90 18 41 31 96 93 14 25 47 52 38 98 62 81 55 39 87 60 53 99 09 76 65 46 92 11 67 70 06 17 84 30 42 
29 F   97 36 19 49 24 26 02 10 68 77 95 27 07 94 12 15 57 90 18 41 31 96 93 14 25 47 52 38 98 62 81 55 39 87 60 53 99 09 76 65 46 92 11 67 70 06 17 29 30 42 
06     97 36 19 49 24 26 02 10 68 77 95 27 07 94 12 15 57 90 18 41 31 96 93 14 25 47 52 38 98 62 81 55 39 87 60 53 99 09 76 65 46 92 11 67 70 06 17 29 30 42 
08 F   97 36 19 49 24 26 02 10 68 77 95 27 07 94 12 15 57 90 18 41 31 96 93 14 25 47 52 38 98 62 81 55 39 87 60 53 99 09 76 65 46 92 11 67 70 06 17 29 08 42 
38     97 36 19 49 24 26 02 10 68 77 95 27 07 94 12 15 57 90 18 41 31 96 93 14 25 47 52 38 98 62 81 55 39 87 60 53 99 09 76 65 46 92 11 67 70 06 17 29 08 42 
21 F   97 36 19 49 24 26 02 10 68 77 95 27 07 94 12 15 57 90 18 41 31 96 93 14 25 47 52 38 98 62 81 55 39 87 60 53 99 09 76 65 46 92 11 67 70 06 17 29 08 21 
25     97 36 19 49 24 26 02 10 68 77 95 27 07 94 12 15 57 90 18 41 31 96 93 14 25 47 52 38 98 62 81 55 39 87 60 53 99 09 76 65 46 92 11 67 70 06 17 29 08 21 
53     97 36 19 49 24 26 02 10 68 77 95 27 07 94 12 15 57 90 18 41 31 96 93 14 25 47 52 38 98 62 81 55 39 87 60 53 99 09 76 65 46 92 11 67 70 06 17 29 08 21 
57     97 36 19 49 24 26 02 10 68 77 95 27 07 94 12 15 57 90 18 41 31 96 93 14 25 47 52 38 98 62 81 55 39 87 60 53 99 09 76 65 46 92 11 67 70 06 17 29 08 21 
33 F   33 36 19 49 24 26 02 10 68 77 95 27 07 94 12 15 57 90 18 41 31 96 93 14 25 47 52 38 98 62 81 55 39 87 60 53 99 09 76 65 46 92 11 67 70 06 17 29 08 21 
30 F   33 36 19 30 24 26 02 10 68 77 95 27 07 94 12 15 57 90 18 41 31 96 93 14 25 47 52 38 98 62 81 55 39 87 60 53 99 09 76 65 46 92 11 67 70 06 17 29 08 21 
80 F   33 36 19 30 80 26 02 10 68 77 95 27 07 94 12 15 57 90 18 41 31 96 93 14 25 47 52 38 98 62 81 55 39 87 60 53 99 09 76 65 46 92 11 67 70 06 17 29 08 21 
31     33 36 19 30 80 26 02 10 68 77 95 27 07 94 12 15 57 90 18 41 31 96 93 14 25 47 52 38 98 62 81 55 39 87 60 53 99 09 76 65 46 92 11 67 70 06 17 29 08 21 
82 F   33 36 19 30 80 82 02 10 68 77 95 27 07 94 12 15 57 90 18 41 31 96 93 14 25 47 52 38 98 62 81 55 39 87 60 53 99 09 76 65 46 92 11 67 70 06 17 29 08 21 
32 F   33 36 19 30 80 82 32 10 68 77 95 27 07 94 12 15 57 90 18 41 31 96 93 14 25 47 52 38 98 62 81 55 39 87 60 53 99 09 76 65 46 92 11 67 70 06 17 29 08 21 
95     33 36 19 30 80 82 32 10 68 77 95 27 07 94 12 15 57 90 18 41 31 96 93 14 25 47 52 38 98 62 81 55 39 87 60 53 99 09 76 65 46 92 11 67 70 06 17 29 08 21 
26 F   33 36 19 30 80 82 32 10 68 77 95 27 07 94 26 15 57 90 18 41 31 96 93 14 25 47 52 38 98 62 81 55 39 87 60 53 99 09 76 65 46 92 11 67 70 06 17 29 08 21 
40 F   33 36 19 30 80 82 32 10 68 77 95 27 07 94 26 40 57 90 18 41 31 96 93 14 25 47 52 38 98 62 81 55 39 87 60 53 99 09 76 65 46 92 11 67 70 06 17 29 08 21 
84 F   33 36 19 30 80 82 32 10 68 77 95 27 07 94 26 40 57 90 84 41 31 96 93 14 25 47 52 38 98 62 81 55 39 87 60 53 99 09 76 65 46 92 11 67 70 06 17 29 08 21 
45 F   33 36 19 30 80 82 32 10 68 77 95 27 07 94 26 40 57 90 84 41 31 45 93 14 25 47 52 38 98 62 81 55 39 87 60 53 99 09 76 65 46 92 11 67 70 06 17 29 08 21 
20 F   33 36 19 30 80 82 32 10 68 77 95 27 07 94 26 40 57 90 84 41 31 45 93 14 25 47 20 38 98 62 81 55 39 87 60 53 99 09 76 65 46 92 11 67 70 06 17 29 08 21 
32     33 36 19 30 80 82 32 10 68 77 95 27 07 94 26 40 57 90 84 41 31 45 93 14 25 47 20 38 98 62 81 55 39 87 60 53 99 09 76 65 46 92 11 67 70 06 17 29 08 21 
34 F   33 36 19 30 80 82 32 10 68 77 95 27 07 94 26 40 57 90 84 41 31 45 93 14 25 47 20 38 98 62 81 55 39 87 60 53 34 09 76 65 46 92 11 67 70 06 17 29 08 21 
26     33 36 19 30 80 82 32 10 68 77 95 27 07 94 26 40 57 90 84 41 31 45 93 14 25 47 20 38 98 62 81 55 39 87 60 53 34 09 76 65 46 92 11 67 70 06 17 29 08 21 
08     33 36 19 30 80 82 32 10 68 77 95 27 07 94 26 40 57 90 84 41 31 45 93 14 25 47 20 38 98 62 81 55 39 87 60 53 34 09 76 65 46 92 11 67 70 06 17 29 08 21 
54 F   33 36 19 30 80 82 32 10 68 77 95 27 07 94 26 40 57 90 84 41 31 45 93 14 25 47 20 38 98 62 81 55 39 87 60 53 34 09 76 54 46 92 11 67 70 06 17 29 08 21 
63 F   33 36 19 30 80 82 32 10 68 77 95 27 07 94 26 40 57 90 84 41 31 45 93 14 25 47 20 38 98 62 81 55 39 87 60 53 34 09 76 54 46 63 11 67 70 06 17 29 08 21 
22 F   33 36 19 30 80 82 32 10 68 77 95 27 07 94 26 40 57 90 84 41 31 45 93 14 25 47 20 38 98 62 81 55 39 87 60 53 34 09 76 54 46 63 11 22 70 06 17 29 08 21 
18 F   33 36 19 30 80 82 32 10 68 77 95 27 07 94 26 40 57 90 84 41 31 45 93 14 25 47 20 38 98 62 81 55 39 87 60 53 34 09 76 54 46 63 11 22 70 06 18 29 08 21 
07     33 36 19 30 80 82 32 10 68 77 95 27 07 94 26 40 57 90 84 41 31 45 93 14 25 47 20 38 98 62 81 55 39 87 60 53 34 09 76 54 46 63 11 22 70 06 18 29 08 21 
86 F   33 86 19 30 80 82 32 10 68 77 95 27 07 94 26 40 57 90 84 41 31 45 93 14 25 47 20 38 98 62 81 55 39 87 60 53 34 09 76 54 46 63 11 22 70 06 18 29 08 21 
86     33 86 19 30 80 82 32 10 68 77 95 27 07 94 26 40 57 90 84 41 31 45 93 14 25 47 20 38 98 62 81 55 39 87 60 53 34 09 76 54 46 63 11 22 70 06 18 29 08 21 
86     33 86 19 30 80 82 32 10 68 77 95 27 07 94 26 40 57 90 84 41 31 45 93 14 25 47 20 38 98 62 81 55 39 87 60 53 34 09 76 54 46 63 11 22 70 06 18 29 08 21 
68     33 86 19 30 80 82 32 10 68 77 95 27 07 94 26 40 57 90 84 41 31 45 93 14 25 47 20 38 98 62 81 55 39 87 60 53 34 09 76 54 46 63 11 22 70 06 18 29 08 21 
22     33 86 19 30 80 82 32 10 68 77 95 27 07 94 26 40 57 90 84 41 31 45 93 14 25 47 20 38 98 62 81 55 39 87 60 53 34 09 76 54 46 63 11 22 70 06 18 29 08 21 
75 F   33 86 75 30 80 82 32 10 68 77 95 27 07 94 26 40 57 90 84 41 31 45 93 14 25 47 20 38 98 62 81 55 39 87 60 53 34 09 76 54 46 63 11 22 70 06 18 29 08 21 
79 F   33 86 75 30 80 82 32 79 68 77 95 27 07 94 26 40 57 90 84 41 31 45 93 14 25 47 20 38 98 62 81 55 39 87 60 53 34 09 76 54 46 63 11 22 70 06 18 29 08 21 
78 F   33 86 75 30 80 82 32 79 68 78 95 27 07 94 26 40 57 90 84 41 31 45 93 14 25 47 20 38 98 62 81 55 39 87 60 53 34 09 76 54 46 63 11 22 70 06 18 29 08 21 
68     33 86 75 30 80 82 32 79 68 78 95 27 07 94 26 40 57 90 84 41 31 45 93 14 25 47 20 38 98 62 81 55 39 87 60 53 34 09 76 54 46 63 11 22 70 06 18 29 08 21 
58 F   33 86 75 30 80 82 32 79 68 78 58 27 07 94 26 40 57 90 84 41 31 45 93 14 25 47 20 38 98 62 81 55 39 87 60 53 34 09 76 54 46 63 11 22 70 06 18 29 08 21 
56 F   33 86 75 30 80 82 32 79 68 78 58 56 07 94 26 40 57 90 84 41 31 45 93 14 25 47 20 38 98 62 81 55 39 87 60 53 34 09 76 54 46 63 11 22 70 06 18 29 08 21 
62     33 86 75 30 80 82 32 79 68 78 58 56 07 94 26 40 57 90 84 41 31 45 93 14 25 47 20 38 98 62 81 55 39 87 60 53 34 09 76 54 46 63 11 22 70 06 18 29 08 21 
45     33 86 75 30 80 82 32 79 68 78 58 56 07 94 26 40 57 90 84 41 31 45 93 14 25 47 20 38 98 62 81 55 39 87 60 53 34 09 76 54 46 63 11 22 70 06 18 29 08 21 
07     33 86 75 30 80 82 32 79 68 78 58 56 07 94 26 40 57 90 84 41 31 45 93 14 25 47 20 38 98 62 81 55 39 87 60 53 34 09 76 54 46 63 11 22 70 06 18 29 08 21 
62     33 86 75 30 80 82 32 79 68 78 58 56 07 94 26 40 57 90 84 41 31 45 93 14 25 47 20 38 98 62 81 55 39 87 60 53 34 09 76 54 46 63 11 22 70 06 18 29 08 21 
39     33 86 75 30 80 82 32 79 68 78 58 56 07 94 26 40 57 90 84 41 31 45 93 14 25 47 20 38 98 62 81 55 39 87 60 53 34 09 76 54 46 63 11 22 70 06 18 29 08 21 
04 F   33 86 75 30 80 82 32 79 68 78 58 56 07 04 26 40 57 90 84 41 31 45 93 14 25 47 20 38 98 62 81 55 39 87 60 53 34 09 76 54 46 63 11 22 70 06 18 29 08 21 
43 F   33 86 75 30 80 82 32 79 68 78 58 56 07 04 26 40 43 90 84 41 31 45 93 14 25 47 20 38 98 62 81 55 39 87 60 53 34 09 76 54 46 63 11 22 70 06 18 29 08 21 
04     33 86 75 30 80 82 32 79 68 78 58 56 07 04 26 40 43 90 84 41 31 45 93 14 25 47 20 38 98 62 81 55 39 87 60 53 34 09 76 54 46 63 11 22 70 06 18 29 08 21 
40     33 86 75 30 80 82 32 79 68 78 58 56 07 04 26 40 43 90 84 41 31 45 93 14 25 47 20 38 98 62 81 55 39 87 60 53 34 09 76 54 46 63 11 22 70 06 18 29 08 21 
98     33 86 75 30 80 82 32 79 68 78 58 56 07 04 26 40 43 90 84 41 31 45 93 14 25 47 20 38 98 62 81 55 39 87 60 53 34 09 76 54 46 63 11 22 70 06 18 29 08 21 
24 F   33 86 75 30 80 82 32 79 68 78 58 56 07 04 26 40 43 24 84 41 31 45 93 14 25 47 20 38 98 62 81 55 39 87 60 53 34 09 76 54 46 63 11 22 70 06 18 29 08 21 
16 F   33 86 75 30 80 82 32 79 68 78 58 56 07 04 26 40 43 24 84 16 31 45 93 14 25 47 20 38 98 62 81 55 39 87 60 53 34 09 76 54 46 63 11 22 70 06 18 29 08 21 
69 F   33 86 75 30 80 82 32 79 68 78 58 56 07 04 26 40 43 24 84 16 69 45 93 14 25 47 20 38 98 62 81 55 39 87 60 53 34 09 76 54 46 63 11 22 70 06 18 29 08 21 
94 F   33 86 75 30 80 82 32 79 68 78 58 56 07 04 26 40 43 24 84 16 69 45 94 14 25 47 20 38 98 62 81 55 39 87 60 53 34 09 76 54 46 63 11 22 70 06 18 29 08 21 
90 F   33 86 75 30 80 82 32 79 68 78 58 56 07 04 26 40 43 24 84 16 69 45 94 90 25 47 20 38 98 62 81 55 39 87 60 53 34 09 76 54 46 63 11 22 70 06 18 29 08 21 
85 F   33 86 75 30 80 82 32 79 68 78 58 56 07 04 26 40 43 24 84 16 69 45 94 90 85 47 20 38 98 62 81 55 39 87 60 53 34 09 76 54 46 63 11 22 70 06 18 29 08 21 
53     33 86 75 30 80 82 32 79 68 78 58 56 07 04 26 40 43 24 84 16 69 45 94 90 85 47 20 38 98 62 81 55 39 87 60 53 34 09 76 54 46 63 11 22 70 06 18 29 08 21 
19 F   33 86 75 30 80 82 32 79 68 78 58 56 07 04 26 40 43 24 84 16 69 45 94 90 85 19 20 38 98 62 81 55 39 87 60 53 34 09 76 54 46 63 11 22 70 06 18 29 08 21 
68     33 86 75 30 80 82 32 79 68 78 58 56 07 04 26 40 43 24 84 16 69 45 94 90 85 19 20 38 98 62 81 55 39 87 60 53 34 09 76 54 46 63 11 22 70 06 18 29 08 21 
08     33 86 75 30 80 82 32 79 68 78 58 56 07 04 26 40 43 24 84 16 69 45 94 90 85 19 20 38 98 62 81 55 39 87 60 53 34 09 76 54 46 63 11 22 70 06 18 29 08 21 
90     33 86 75 30 80 82 32 79 68 78 58 56 07 04 26 40 43 24 84 16 69 45 94 90 85 19 20 38 98 62 81 55 39 87 60 53 34 09 76 54 46 63 11 22 70 06 18 29 08 21 
89 F   33 86 75 30 80 82 32 79 68 78 58 56 07 04 26 40 43 24 84 16 69 45 94 90 85 19 20 89 98 62 81 55 39 87 60 53 34 09 76 54 46 63 11 22 70 06 18 29 08 21 
92 F   33 86 75 30 80 82 32 79 68 78 58 56 07 04 26 40 43 24 84 16 69 45 94 90 85 19 20 89 98 62 92 55 39 87 60 53 34 09 76 54 46 63 11 22 70 06 18 29 08 21 
91 F   33 86 75 30 80 82 32 79 68 78 58 56 07 04 26 40 43 24 84 16 69 45 94 90 85 19 20 89 98 62 92 91 39 87 60 53 34 09 76 54 46 63 11 22 70 06 18 29 08 21 
70     33 86 75 30 80 82 32 79 68 78 58 56 07 04 26 40 43 24 84 16 69 45 94 90 85 19 20 89 98 62 92 91 39 87 60 53 34 09 76 54 46 63 11 22 70 06 18 29 08 21 
97 F   33 86 75 30 80 82 32 79 68 78 58 56 07 04 26 40 43 24 84 16 69 45 94 90 85 19 20 89 98 62 92 91 39 97 60 53 34 09 76 54 46 63 11 22 70 06 18 29 08 21 
82     33 86 75 30 80 82 32 79 68 78 58 56 07 04 26 40 43 24 84 16 69 45 94 90 85 19 20 89 98 62 92 91 39 97 60 53 34 09 76 54 46 63 11 22 70 06 18 29 08 21 
86     33 86 75 30 80 82 32 79 68 78 58 56 07 04 26 40 43 24 84 16 69 45 94 90 85 19 20 89 98 62 92 91 39 97 60 53 34 09 76 54 46 63 11 22 70 06 18 29 08 21 
99 F   33 86 75 30 80 82 32 79 68 78 58 56 07 04 26 40 43 24 84 16 69 45 94 90 85 19 20 89 98 62 92 91 39 97 99 53 34 09 76 54 46 63 11 22 70 06 18 29 08 21 
35 F   33 86 75 30 80 82 32 79 68 78 58 56 07 04 26 40 43 24 84 16 69 45 94 90 85 19 20 89 98 62 92 91 39 97 99 53 34 35 76 54 46 63 11 22 70 06 18 29 08 21 
50 F   33 86 75 30 80 82 32 79 68 78 58 56 07 04 26 40 43 24 84 16 69 45 94 90 85 19 20 89 98 62 92 91 39 97 99 53 34 35 50 54 46 63 11 22 70 06 18 29 08 21 
94     33 86 75 30 80 82 32 79 68 78 58 56 07 04 26 40 43 24 84 16 69 45 94 90 85 19 20 89 98 62 92 91 39 97 99 53 34 35 50 54 46 63 11 22 70 06 18 29 08 21 
05 F   33 86 75 30 80 82 32 79 68 78 58 56 07 04 26 40 43 24 84 16 69 45 94 90 85 19 20 89 98 62 92 91 39 97 99 53 34 35 50 54 05 63 11 22 70 06 18 29 08 21 
69     33 86 75 30 80 82 32 79 68 78 58 56 07 04 26 40 43 24 84 16 69 45 94 90 85 19 20 89 98 62 92 91 39 97 99 53 34 35 50 54 05 63 11 22 70 06 18 29 08 21 
31 F   33 86 75 30 80 82 32 79 68 78 58 56 07 04 26 40 43 24 84 16 69 45 94 90 85 19 20 89 98 62 92 91 39 97 99 53 34 35 50 54 05 63 31 22 70 06 18 29 08 21 
-------------------------------------
Number of page faults = 171
