Replacement Policy = FIFO
-------------------------------------
Page   Content of Frames
----   -----------------
77     77 
41     77 41 
15     77 41 15 
94     77 41 15 94 
23     77 41 15 94 23 
87     77 41 15 94 23 87 
55     77 41 15 94 23 87 55 
80     77 41 15 94 23 87 55 80 
68     77 41 15 94 23 87 55 80 68 
63     77 41 15 94 23 87 55 80 68 63 
52     77 41 15 94 23 87 55 80 68 63 52 
41     77 41 15 94 23 87 55 80 68 63 52 
86     77 41 15 94 23 87 55 80 68 63 52 86 
51     77 41 15 94 23 87 55 80 68 63 52 86 51 
47     77 41 15 94 23 87 55 80 68 63 52 86 51 47 
83     77 41 15 94 23 87 55 80 68 63 52 86 51 47 83 
54     77 41 15 94 23 87 55 80 68 63 52 86 51 47 83 54 
32     77 41 15 94 23 87 55 80 68 63 52 86 51 47 83 54 32 
23     77 41 15 94 23 87 55 80 68 63 52 86 51 47 83 54 32 
82     77 41 15 94 23 87 55 80 68 63 52 86 51 47 83 54 32 82 
60     77 41 15 94 23 87 55 80 68 63 52 86 51 47 83 54 32 82 60 
65     77 41 15 94 23 87 55 80 68 63 52 86 51 47 83 54 32 82 60 65 
74     77 41 15 94 23 87 55 80 68 63 52 86 51 47 83 54 32 82 60 65 74 
09     77 41 15 94 23 87 55 80 68 63 52 86 51 47 83 54 32 82 60 65 74 09 
06     77 41 15 94 23 87 55 80 68 63 52 86 51 47 83 54 32 82 60 65 74 09 06 
93     77 41 15 94 23 87 55 80 68 63 52 86 51 47 83 54 32 82 60 65 74 09 06 93 
91     77 41 15 94 23 87 55 80 68 63 52 86 51 47 83 54 32 82 60 65 74 09 06 93 91 
23     77 41 15 94 23 87 55 80 68 63 52 86 51 47 83 54 32 82 60 65 74 09 06 93 91 
30     77 41 15 94 23 87 55 80 68 63 52 86 51 47 83 54 32 82 60 65 74 09 06 93 91 30 
21     77 41 15 94 23 87 55 80 68 63 52 86 51 47 83 54 32 82 60 65 74 09 06 93 91 30 21 
57     77 41 15 94 23 87 55 80 68 63 52 86 51 47 83 54 32 82 60 65 74 09 06 93 91 30 21 57 
37     77 41 15 94 23 87 55 80 68 63 52 86 51 47 83 54 32 82 60 65 74 09 06 93 91 30 21 57 37 
12     77 41 15 94 23 87 55 80 68 63 52 86 51 47 83 54 32 82 60 65 74 09 06 93 91 30 21 57 37 12 
53     77 41 15 94 23 87 55 80 68 63 52 86 51 47 83 54 32 82 60 65 74 09 06 93 91 30 21 57 37 12 53 
53     77 41 15 94 23 87 55 80 68 63 52 86 51 47 83 54 32 82 60 65 74 09 06 93 91 30 21 57 37 12 53 
15     77 41 15 94 23 87 55 80 68 63 52 86 51 47 83 54 32 82 60 65 74 09 06 93 91 30 21 57 37 12 53 
31     77 41 15 94 23 87 55 80 68 63 52 86 51 47 83 54 32 82 60 65 74 09 06 93 91 30 21 57 37 12 53 31 
02     77 41 15 94 23 87 55 80 68 63 52 86 51 47 83 54 32 82 60 65 74 09 06 93 91 30 21 57 37 12 53 31 02 
72     77 41 15 94 23 87 55 80 68 63 52 86 51 47 83 54 32 82 60 65 74 09 06 93 91 30 21 57 37 12 53 31 02 72 
46     77 41 15 94 23 87 55 80 68 63 52 86 51 47 83 54 32 82 60 65 74 09 06 93 91 30 21 57 37 12 53 31 02 72 46 
05     77 41 15 94 23 87 55 80 68 63 52 86 51 47 83 54 32 82 60 65 74 09 06 93 91 30 21 57 37 12 53 31 02 72 46 05 
86     77 41 15 94 23 87 55 80 68 63 52 86 51 47 83 54 32 82 60 65 74 09 06 93 91 30 21 57 37 12 53 31 02 72 46 05 
02     77 41 15 94 23 87 55 80 68 63 52 86 51 47 83 54 32 82 60 65 74 09 06 93 91 30 21 57 37 12 53 31 02 72 46 05 
13     77 41 15 94 23 87 55 80 68 63 52 86 51 47 83 54 32 82 60 65 74 09 06 93 91 30 21 57 37 12 53 31 02 72 46 05 13 
93     77 41 15 94 23 87 55 80 68 63 52 86 51 47 83 54 32 82 60 65 74 09 06 93 91 30 21 57 37 12 53 31 02 72 46 05 13 
55     77 41 15 94 23 87 55 80 68 63 52 86 51 47 83 54 32 82 60 65 74 09 06 93 91 30 21 57 37 12 53 31 02 72 46 05 13 
50     77 41 15 94 23 87 55 80 68 63 52 86 51 47 83 54 32 82 60 65 74 09 06 93 91 30 21 57 37 12 53 31 02 72 46 05 13 50 
65     77 41 15 94 23 87 55 80 68 63 52 86 51 47 83 54 32 82 60 65 74 09 06 93 91 30 21 57 37 12 53 31 02 72 46 05 13 50 
57     77 41 15 94 23 87 55 80 68 63 52 86 51 47 83 54 32 82 60 65 74 09 06 93 91 30 21 57 37 12 53 31 02 72 46 05 13 50 
76     77 41 15 94 23 87 55 80 68 63 52 86 51 47 83 54 32 82 60 65 74 09 06 93 91 30 21 57 37 12 53 31 02 72 46 05 13 50 76 
96     77 41 15 94 23 87 55 80 68 63 52 86 51 47 83 54 32 82 60 65 74 09 06 93 91 30 21 57 37 12 53 31 02 72 46 05 13 50 76 96 
08     77 41 15 94 23 87 55 80 68 63 52 86 51 47 83 54 32 82 60 65 74 09 06 93 91 30 21 57 37 12 53 31 02 72 46 05 13 50 76 96 08 
55     77 41 15 94 23 87 55 80 68 63 52 86 51 47 83 54 32 82 60 65 74 09 06 93 91 30 21 57 37 12 53 31 02 72 46 05 13 50 76 96 08 
91     77 41 15 94 23 87 55 80 68 63 52 86 51 47 83 54 32 82 60 65 74 09 06 93 91 30 21 57 37 12 53 31 02 72 46 05 13 50 76 96 08 
90     77 41 15 94 23 87 55 80 68 63 52 86 51 47 83 54 32 82 60 65 74 09 06 93 91 30 21 57 37 12 53 31 02 72 46 05 13 50 76 96 08 90 
67     77 41 15 94 23 87 55 80 68 63 52 86 51 47 83 54 32 82 60 65 74 09 06 93 91 30 21 57 37 12 53 31 02 72 46 05 13 50 76 96 08 90 67 
11     77 41 15 94 23 87 55 80 68 63 52 86 51 47 83 54 32 82 60 65 74 09 06 93 91 30 21 57 37 12 53 31 02 72 46 05 13 50 76 96 08 90 67 11 
68     77 41 15 94 23 87 55 80 68 63 52 86 51 47 83 54 32 82 60 65 74 09 06 93 91 30 21 57 37 12 53 31 02 72 46 05 13 50 76 96 08 90 67 11 
46     77 41 15 94 23 87 55 80 68 63 52 86 51 47 83 54 32 82 60 65 74 09 06 93 91 30 21 57 37 12 53 31 02 72 46 05 13 50 76 96 08 90 67 11 
58     77 41 15 94 23 87 55 80 68 63 52 86 51 47 83 54 32 82 60 65 74 09 06 93 91 30 21 57 37 12 53 31 02 72 46 05 13 50 76 96 08 90 67 11 58 
19     77 41 15 94 23 87 55 80 68 63 52 86 51 47 83 54 32 82 60 65 74 09 06 93 91 30 21 57 37 12 53 31 02 72 46 05 13 50 76 96 08 90 67 11 58 19 
43     77 41 15 94 23 87 55 80 68 63 52 86 51 47 83 54 32 82 60 65 74 09 06 93 91 30 21 57 37 12 53 31 02 72 46 05 13 50 76 96 08 90 67 11 58 19 43 
25     77 41 15 94 23 87 55 80 68 63 52 86 51 47 83 54 32 82 60 65 74 09 06 93 91 30 21 57 37 12 53 31 02 72 46 05 13 50 76 96 08 90 67 11 58 19 43 25 
58     77 41 15 94 23 87 55 80 68 63 52 86 51 47 83 54 32 82 60 65 74 09 06 93 91 30 21 57 37 12 53 31 02 72 46 05 13 50 76 96 08 90 67 11 58 19 43 25 
46     77 41 15 94 23 87 55 80 68 63 52 86 51 47 83 54 32 82 60 65 74 09 06 93 91 30 21 57 37 12 53 31 02 72 46 05 13 50 76 96 08 90 67 11 58 19 43 25 
09     77 41 15 94 23 87 55 80 68 63 52 86 51 47 83 54 32 82 60 65 74 09 06 93 91 30 21 57 37 12 53 31 02 72 46 05 13 50 76 96 08 90 67 11 58 19 43 25 
14     77 41 15 94 23 87 55 80 68 63 52 86 51 47 83 54 32 82 60 65 74 09 06 93 91 30 21 57 37 12 53 31 02 72 46 05 13 50 76 96 08 90 67 11 58 19 43 25 14 
93     77 41 15 94 23 87 55 80 68 63 52 86 51 47 83 54 32 82 60 65 74 09 06 93 91 30 21 57 37 12 53 31 02 72 46 05 13 50 76 96 08 90 67 11 58 19 43 25 14 
69     77 41 15 94 23 87 55 80 68 63 52 86 51 47 83 54 32 82 60 65 74 09 06 93 91 30 21 57 37 12 53 31 02 72 46 05 13 50 76 96 08 90 67 11 58 19 43 25 14 69 
26 F   26 41 15 94 23 87 55 80 68 63 52 86 51 47 83 54 32 82 60 65 74 09 06 93 91 30 21 57 37 12 53 31 02 72 46 05 13 50 76 96 08 90 67 11 58 19 43 25 14 69 
72     26 41 15 94 23 87 55 80 68 63 52 86 51 47 83 54 32 82 60 65 74 09 06 93 91 30 21 57 37 12 53 31 02 72 46 05 13 50 76 96 08 90 67 11 58 19 43 25 14 69 
75 F   26 75 15 94 23 87 55 80 68 63 52 86 51 47 83 54 32 82 60 65 74 09 06 93 91 30 21 57 37 12 53 31 02 72 46 05 13 50 76 96 08 90 67 11 58 19 43 25 14 69 
61 F   26 75 61 94 23 87 55 80 68 63 52 86 51 47 83 54 32 82 60 65 74 09 06 93 91 30 21 57 37 12 53 31 02 72 46 05 13 50 76 96 08 90 67 11 58 19 43 25 14 69 
69     26 75 61 94 23 87 55 80 68 63 52 86 51 47 83 54 32 82 60 65 74 09 06 93 91 30 21 57 37 12 53 31 02 72 46 05 13 50 76 96 08 90 67 11 58 19 43 25 14 69 
41 F   26 75 61 41 23 87 55 80 68 63 52 86 51 47 83 54 32 82 60 65 74 09 06 93 91 30 21 57 37 12 53 31 02 72 46 05 13 50 76 96 08 90 67 11 58 19 43 25 14 69 
35 F   26 75 61 41 35 87 55 80 68 63 52 86 51 47 83 54 32 82 60 65 74 09 06 93 91 30 21 57 37 12 53 31 02 72 46 05 13 50 76 96 08 90 67 11 58 19 43 25 14 69 
01 F   26 75 61 41 35 01 55 80 68 63 52 86 51 47 83 54 32 82 60 65 74 09 06 93 91 30 21 57 37 12 53 31 02 72 46 05 13 50 76 96 08 90 67 11 58 19 43 25 14 69 
51     26 75 61 41 35 01 55 80 68 63 52 86 51 47 83 54 32 82 60 65 74 09 06 93 91 30 21 57 37 12 53 31 02 72 46 05 13 50 76 96 08 90 67 11 58 19 43 25 14 69 
01     26 75 61 41 35 01 55 80 68 63 52 86 51 47 83 54 32 82 60 65 74 09 06 93 91 30 21 57 37 12 53 31 02 72 46 05 13 50 76 96 08 90 67 11 58 19 43 25 14 69 
03 F   26 75 61 41 35 01 03 80 68 63 52 86 51 47 83 54 32 82 60 65 74 09 06 93 91 30 21 57 37 12 53 31 02 72 46 05 13 50 76 96 08 90 67 11 58 19 43 25 14 69 
32     26 75 61 41 35 01 03 80 68 63 52 86 51 47 83 54 32 82 60 65 74 09 06 93 91 30 21 57 37 12 53 31 02 72 46 05 13 50 76 96 08 90 67 11 58 19 43 25 14 69 
10 F   26 75 61 41 35 01 03 10 68 63 52 86 51 47 83 54 32 82 60 65 74 09 06 93 91 30 21 57 37 12 53 31 02 72 46 05 13 50 76 96 08 90 67 11 58 19 43 25 14 69 
94 F   26 75 61 41 35 01 03 10 94 63 52 86 51 47 83 54 32 82 60 65 74 09 06 93 91 30 21 57 37 12 53 31 02 72 46 05 13 50 76 96 08 90 67 11 58 19 43 25 14 69 
61     26 75 61 41 35 01 03 10 94 63 52 86 51 47 83 54 32 82 60 65 74 09 06 93 91 30 21 57 37 12 53 31 02 72 46 05 13 50 76 96 08 90 67 11 58 19 43 25 14 69 
72     26 75 61 41 35 01 03 10 94 63 52 86 51 47 83 54 32 82 60 65 74 09 06 93 91 30 21 57 37 12 53 31 02 72 46 05 13 50 76 96 08 90 67 11 58 19 43 25 14 69 
65     26 75 61 41 35 01 03 10 94 63 52 86 51 47 83 54 32 82 60 65 74 09 06 93 91 30 21 57 37 12 53 31 02 72 46 05 13 50 76 96 08 90 67 11 58 19 43 25 14 69 
32     26 75 61 41 35 01 03 10 94 63 52 86 51 47 83 54 32 82 60 65 74 09 06 93 91 30 21 57 37 12 53 31 02 72 46 05 13 50 76 96 08 90 67 11 58 19 43 25 14 69 
59 F   26 75 61 41 35 01 03 10 94 59 52 86 51 47 83 54 32 82 60 65 74 09 06 93 91 30 21 57 37 12 53 31 02 72 46 05 13 50 76 96 08 90 67 11 58 19 43 25 14 69 
85 F   26 75 61 41 35 01 03 10 94 59 85 86 51 47 83 54 32 82 60 65 74 09 06 93 91 30 21 57 37 12 53 31 02 72 46 05 13 50 76 96 08 90 67 11 58 19 43 25 14 69 
28 F   26 75 61 41 35 01 03 10 94 59 85 28 51 47 83 54 32 82 60 65 74 09 06 93 91 30 21 57 37 12 53 31 02 72 46 05 13 50 76 96 08 90 67 11 58 19 43 25 14 69 
79 F   26 75 61 41 35 01 03 10 94 59 85 28 79 47 83 54 32 82 60 65 74 09 06 93 91 30 21 57 37 12 53 31 02 72 46 05 13 50 76 96 08 90 67 11 58 19 43 25 14 69 
66 F   26 75 61 41 35 01 03 10 94 59 85 28 79 66 83 54 32 82 60 65 74 09 06 93 91 30 21 57 37 12 53 31 02 72 46 05 13 50 76 96 08 90 67 11 58 19 43 25 14 69 
77 F   26 75 61 41 35 01 03 10 94 59 85 28 79 66 77 54 32 82 60 65 74 09 06 93 91 30 21 57 37 12 53 31 02 72 46 05 13 50 76 96 08 90 67 11 58 19 43 25 14 69 
59     26 75 61 41 35 01 03 10 94 59 85 28 79 66 77 54 32 82 60 65 74 09 06 93 91 30 21 57 37 12 53 31 02 72 46 05 13 50 76 96 08 90 67 11 58 19 43 25 14 69 
71 F   26 75 61 41 35 01 03 10 94 59 85 28 79 66 77 71 32 82 60 65 74 09 06 93 91 30 21 57 37 12 53 31 02 72 46 05 13 50 76 96 08 90 67 11 58 19 43 25 14 69 
18 F   26 75 61 41 35 01 03 10 94 59 85 28 79 66 77 71 18 82 60 65 74 09 06 93 91 30 21 57 37 12 53 31 02 72 46 05 13 50 76 96 08 90 67 11 58 19 43 25 14 69 
76     26 75 61 41 35 01 03 10 94 59 85 28 79 66 77 71 18 82 60 65 74 09 06 93 91 30 21 57 37 12 53 31 02 72 46 05 13 50 76 96 08 90 67 11 58 19 43 25 14 69 
67     26 75 61 41 35 01 03 10 94 59 85 28 79 66 77 71 18 82 60 65 74 09 06 93 91 30 21 57 37 12 53 31 02 72 46 05 13 50 76 96 08 90 67 11 58 19 43 25 14 69 
50     26 75 61 41 35 01 03 10 94 59 85 28 79 66 77 71 18 82 60 65 74 09 06 93 91 30 21 57 37 12 53 31 02 72 46 05 13 50 76 96 08 90 67 11 58 19 43 25 14 69 
50     26 75 61 41 35 01 03 10 94 59 85 28 79 66 77 71 18 82 60 65 74 09 06 93 91 30 21 57 37 12 53 31 02 72 46 05 13 50 76 96 08 90 67 11 58 19 43 25 14 69 
74     26 75 61 41 35 01 03 10 94 59 85 28 79 66 77 71 18 82 60 65 74 09 06 93 91 30 21 57 37 12 53 31 02 72 46 05 13 50 76 96 08 90 67 11 58 19 43 25 14 69 
95 F   26 75 61 41 35 01 03 10 94 59 85 28 79 66 77 71 18 95 60 65 74 09 06 93 91 30 21 57 37 12 53 31 02 72 46 05 13 50 76 96 08 90 67 11 58 19 43 25 14 69 
63 F   26 75 61 41 35 01 03 10 94 59 85 28 79 66 77 71 18 95 63 65 74 09 06 93 91 30 21 57 37 12 53 31 02 72 46 05 13 50 76 96 08 90 67 11 58 19 43 25 14 69 
73 F   26 75 61 41 35 01 03 10 94 59 85 28 79 66 77 71 18 95 63 73 74 09 06 93 91 30 21 57 37 12 53 31 02 72 46 05 13 50 76 96 08 90 67 11 58 19 43 25 14 69 
67     26 75 61 41 35 01 03 10 94 59 85 28 79 66 77 71 18 95 63 73 74 09 06 93 91 30 21 57 37 12 53 31 02 72 46 05 13 50 76 96 08 90 67 11 58 19 43 25 14 69 
93     26 75 61 41 35 01 03 10 94 59 85 28 79 66 77 71 18 95 63 73 74 09 06 93 91 30 21 57 37 12 53 31 02 72 46 05 13 50 76 96 08 90 67 11 58 19 43 25 14 69 
56 F   26 75 61 41 35 01 03 10 94 59 85 28 79 66 77 71 18 95 63 73 56 09 06 93 91 30 21 57 37 12 53 31 02 72 46 05 13 50 76 96 08 90 67 11 58 19 43 25 14 69 
18     26 75 61 41 35 01 03 10 94 59 85 28 79 66 77 71 18 95 63 73 56 09 06 93 91 30 21 57 37 12 53 31 02 72 46 05 13 50 76 96 08 90 67 11 58 19 43 25 14 69 
27 F   26 75 61 41 35 01 03 10 94 59 85 28 79 66 77 71 18 95 63 73 56 27 06 93 91 30 21 57 37 12 53 31 02 72 46 05 13 50 76 96 08 90 67 11 58 19 43 25 14 69 
33 F   26 75 61 41 35 01 03 10 94 59 85 28 79 66 77 71 18 95 63 73 56 27 33 93 91 30 21 57 37 12 53 31 02 72 46 05 13 50 76 96 08 90 67 11 58 19 43 25 14 69 
77     26 75 61 41 35 01 03 10 94 59 85 28 79 66 77 71 18 95 63 73 56 27 33 93 91 30 21 57 37 12 53 31 02 72 46 05 13 50 76 96 08 90 67 11 58 19 43 25 14 69 
04 F   26 75 61 41 35 01 03 10 94 59 85 28 79 66 77 71 18 95 63 73 56 27 33 04 91 30 21 57 37 12 53 31 02 72 46 05 13 50 76 96 08 90 67 11 58 19 43 25 14 69 
56     26 75 61 41 35 01 03 10 94 59 85 28 79 66 77 71 18 95 63 73 56 27 33 04 91 30 21 57 37 12 53 31 02 72 46 05 13 50 76 96 08 90 67 11 58 19 43 25 14 69 
13     26 75 61 41 35 01 03 10 94 59 85 28 79 66 77 71 18 95 63 73 56 27 33 04 91 30 21 57 37 12 53 31 02 72 46 05 13 50 76 96 08 90 67 11 58 19 43 25 14 69 
29 F   26 75 61 41 35 01 03 10 94 59 85 28 79 66 77 71 18 95 63 73 56 27 33 04 29 30 21 57 37 12 53 31 02 72 46 05 13 50 76 96 08 90 67 11 58 19 43 25 14 69 
15 F   26 75 61 41 35 01 03 10 94 59 85 28 79 66 77 71 18 95 63 73 56 27 33 04 29 15 21 57 37 12 53 31 02 72 46 05 13 50 76 96 08 90 67 11 58 19 43 25 14 69 
13     26 75 61 41 35 01 03 10 94 59 85 28 79 66 77 71 18 95 63 73 56 27 33 04 29 15 21 57 37 12 53 31 02 72 46 05 13 50 76 96 08 90 67 11 58 19 43 25 14 69 
76     26 75 61 41 35 01 03 10 94 59 85 28 79 66 77 71 18 95 63 73 56 27 33 04 29 15 21 57 37 12 53 31 02 72 46 05 13 50 76 96 08 90 67 11 58 19 43 25 14 69 
78 F   26 75 61 41 35 01 03 10 94 59 85 28 79 66 77 71 18 95 63 73 56 27 33 04 29 15 78 57 37 12 53 31 02 72 46 05 13 50 76 96 08 90 67 11 58 19 43 25 14 69 
43     26 75 61 41 35 01 03 10 94 59 85 28 79 66 77 71 18 95 63 73 56 27 33 04 29 15 78 57 37 12 53 31 02 72 46 05 13 50 76 96 08 90 67 11 58 19 43 25 14 69 
13     26 75 61 41 35 01 03 10 94 59 85 28 79 66 77 71 18 95 63 73 56 27 33 04 29 15 78 57 37 12 53 31 02 72 46 05 13 50 76 96 08 90 67 11 58 19 43 25 14 69 
34 F   26 75 61 41 35 01 03 10 94 59 85 28 79 66 77 71 18 95 63 73 56 27 33 04 29 15 78 34 37 12 53 31 02 72 46 05 13 50 76 96 08 90 67 11 58 19 43 25 14 69 
74 F   26 75 61 41 35 01 03 10 94 59 85 28 79 66 77 71 18 95 63 73 56 27 33 04 29 15 78 34 74 12 53 31 02 72 46 05 13 50 76 96 08 90 67 11 58 19 43 25 14 69 
97 F   26 75 61 41 35 01 03 10 94 59 85 28 79 66 77 71 18 95 63 73 56 27 33 04 29 15 78 34 74 97 53 31 02 72 46 05 13 50 76 96 08 90 67 11 58 19 43 25 14 69 
47 F   26 75 61 41 35 01 03 10 94 59 85 28 79 66 77 71 18 95 63 73 56 27 33 04 29 15 78 34 74 97 47 31 02 72 46 05 13 50 76 96 08 90 67 11 58 19 43 25 14 69 
68 F   26 75 61 41 35 01 03 10 94 59 85 28 79 66 77 71 18 95 63 73 56 27 33 04 29 15 78 34 74 97 47 68 02 72 46 05 13 50 76 96 08 90 67 11 58 19 43 25 14 69 
37 F   26 75 61 41 35 01 03 10 94 59 85 28 79 66 77 71 18 95 63 73 56 27 33 04 29 15 78 34 74 97 47 68 37 72 46 05 13 50 76 96 08 90 67 11 58 19 43 25 14 69 
25     26 75 61 41 35 01 03 10 94 59 85 28 79 66 77 71 18 95 63 73 56 27 33 04 29 15 78 34 74 97 47 68 37 72 46 05 13 50 76 96 08 90 67 11 58 19 43 25 14 69 
52 F   26 75 61 41 35 01 03 10 94 59 85 28 79 66 77 71 18 95 63 73 56 27 33 04 29 15 78 34 74 97 47 68 37 52 46 05 13 50 76 96 08 90 67 11 58 19 43 25 14 69 
67     26 75 61 41 35 01 03 10 94 59 85 28 79 66 77 71 18 95 63 73 56 27 33 04 29 15 78 34 74 97 47 68 37 52 46 05 13 50 76 96 08 90 67 11 58 19 43 25 14 69 
90     26 75 61 41 35 01 03 10 94 59 85 28 79 66 77 71 18 95 63 73 56 27 33 04 29 15 78 34 74 97 47 68 37 52 46 05 13 50 76 96 08 90 67 11 58 19 43 25 14 69 
02 F   26 75 61 41 35 01 03 10 94 59 85 28 79 66 77 71 18 95 63 73 56 27 33 04 29 15 78 34 74 97 47 68 37 52 02 05 13 50 76 96 08 90 67 11 58 19 43 25 14 69 
12 F   26 75 61 41 35 01 03 10 94 59 85 28 79 66 77 71 18 95 63 73 56 27 33 04 29 15 78 34 74 97 47 68 37 52 02 12 13 50 76 96 08 90 67 11 58 19 43 25 14 69 
63     26 75 61 41 35 01 03 10 94 59 85 28 79 66 77 71 18 95 63 73 56 27 33 04 29 15 78 34 74 97 47 68 37 52 02 12 13 50 76 96 08 90 67 11 58 19 43 25 14 69 
76     26 75 61 41 35 01 03 10 94 59 85 28 79 66 77 71 18 95 63 73 56 27 33 04 29 15 78 34 74 97 47 68 37 52 02 12 13 50 76 96 08 90 67 11 58 19 43 25 14 69 
96     26 75 61 41 35 01 03 10 94 59 85 28 79 66 77 71 18 95 63 73 56 27 33 04 29 15 78 34 74 97 47 68 37 52 02 12 13 50 76 96 08 90 67 11 58 19 43 25 14 69 
94     26 75 61 41 35 01 03 10 94 59 85 28 79 66 77 71 18 95 63 73 56 27 33 04 29 15 78 34 74 97 47 68 37 52 02 12 13 50 76 96 08 90 67 11 58 19 43 25 14 69 
59     26 75 61 41 35 01 03 10 94 59 85 28 79 66 77 71 18 95 63 73 56 27 33 04 29 15 78 34 74 97 47 68 37 52 02 12 13 50 76 96 08 90 67 11 58 19 43 25 14 69 
98 F   26 75 61 41 35 01 03 10 94 59 85 28 79 66 77 71 18 95 63 73 56 27 33 04 29 15 78 34 74 97 47 68 37 52 02 12 98 50 76 96 08 90 67 11 58 19 43 25 14 69 
79     26 75 61 41 35 01 03 10 94 59 85 28 79 66 77 71 18 95 63 73 56 27 33 04 29 15 78 34 74 97 47 68 37 52 02 12 98 50 76 96 08 90 67 11 58 19 43 25 14 69 
22 F   26 75 61 41 35 01 03 10 94 59 85 28 79 66 77 71 18 95 63 73 56 27 33 04 29 15 78 34 74 97 47 68 37 52 02 12 98 22 76 96 08 90 67 11 58 19 43 25 14 69 
39 F   26 75 61 41 35 01 03 10 94 59 85 28 79 66 77 71 18 95 63 73 56 27 33 04 29 15 78 34 74 97 47 68 37 52 02 12 98 22 39 96 08 90 67 11 58 19 43 25 14 69 
70 F   26 75 61 41 35 01 03 10 94 59 85 28 79 66 77 71 18 95 63 73 56 27 33 04 29 15 78 34 74 97 47 68 37 52 02 12 98 22 39 70 08 90 67 11 58 19 43 25 14 69 
28     26 75 61 41 35 01 03 10 94 59 85 28 79 66 77 71 18 95 63 73 56 27 33 04 29 15 78 34 74 97 47 68 37 52 02 12 98 22 39 70 08 90 67 11 58 19 43 25 14 69 
18     26 75 61 41 35 01 03 10 94 59 85 28 79 66 77 71 18 95 63 73 56 27 33 04 29 15 78 34 74 97 47 68 37 52 02 12 98 22 39 70 08 90 67 11 58 19 43 25 14 69 
56     26 75 61 41 35 01 03 10 94 59 85 28 79 66 77 71 18 95 63 73 56 27 33 04 29 15 78 34 74 97 47 68 37 52 02 12 98 22 39 70 08 90 67 11 58 19 43 25 14 69 
16 F   26 75 61 41 35 01 03 10 94 59 85 28 79 66 77 71 18 95 63 73 56 27 33 04 29 15 78 34 74 97 47 68 37 52 02 12 98 22 39 70 16 90 67 11 58 19 43 25 14 69 
31 F   26 75 61 41 35 01 03 10 94 59 85 28 79 66 77 71 18 95 63 73 56 27 33 04 29 15 78 34 74 97 47 68 37 52 02 12 98 22 39 70 16 31 67 11 58 19 43 25 14 69 
36 F   26 75 61 41 35 01 03 10 94 59 85 28 79 66 77 71 18 95 63 73 56 27 33 04 29 15 78 34 74 97 47 68 37 52 02 12 98 22 39 70 16 31 36 11 58 19 43 25 14 69 
84 F   26 75 61 41 35 01 03 10 94 59 85 28 79 66 77 71 18 95 63 73 56 27 33 04 29 15 78 34 74 97 47 68 37 52 02 12 98 22 39 70 16 31 36 84 58 19 43 25 14 69 
74     26 75 61 41 35 01 03 10 94 59 85 28 79 66 77 71 18 95 63 73 56 27 33 04 29 15 78 34 74 97 47 68 37 52 02 12 98 22 39 70 16 31 36 84 58 19 43 25 14 69 
19     26 75 61 41 35 01 03 10 94 59 85 28 79 66 77 71 18 95 63 73 56 27 33 04 29 15 78 34 74 97 47 68 37 52 02 12 98 22 39 70 16 31 36 84 58 19 43 25 14 69 
29     26 75 61 41 35 01 03 10 94 59 85 28 79 66 77 71 18 95 63 73 56 27 33 04 29 15 78 34 74 97 47 68 37 52 02 12 98 22 39 70 16 31 36 84 58 19 43 25 14 69 
46 F   26 75 61 41 35 01 03 10 94 59 85 28 79 66 77 71 18 95 63 73 56 27 33 04 29 15 78 34 74 97 47 68 37 52 02 12 98 22 39 70 16 31 36 84 46 19 43 25 14 69 
26     26 75 61 41 35 01 03 10 94 59 85 28 79 66 77 71 18 95 63 73 56 27 33 04 29 15 78 34 74 97 47 68 37 52 02 12 98 22 39 70 16 31 36 84 46 19 43 25 14 69 
26     26 75 61 41 35 01 03 10 94 59 85 28 79 66 77 71 18 95 63 73 56 27 33 04 29 15 78 34 74 97 47 68 37 52 02 12 98 22 39 70 16 31 36 84 46 19 43 25 14 69 
94     26 75 61 41 35 01 03 10 94 59 85 28 79 66 77 71 18 95 63 73 56 27 33 04 29 15 78 34 74 97 47 68 37 52 02 12 98 22 39 70 16 31 36 84 46 19 43 25 14 69 
41     26 75 61 41 35 01 03 10 94 59 85 28 79 66 77 71 18 95 63 73 56 27 33 04 29 15 78 34 74 97 47 68 37 52 02 12 98 22 39 70 16 31 36 84 46 19 43 25 14 69 
24 F   26 75 61 41 35 01 03 10 94 59 85 28 79 66 77 71 18 95 63 73 56 27 33 04 29 15 78 34 74 97 47 68 37 52 02 12 98 22 39 70 16 31 36 84 46 24 43 25 14 69 
98     26 75 61 41 35 01 03 10 94 59 85 28 79 66 77 71 18 95 63 73 56 27 33 04 29 15 78 34 74 97 47 68 37 52 02 12 98 22 39 70 16 31 36 84 46 24 43 25 14 69 
47     26 75 61 41 35 01 03 10 94 59 85 28 79 66 77 71 18 95 63 73 56 27 33 04 29 15 78 34 74 97 47 68 37 52 02 12 98 22 39 70 16 31 36 84 46 24 43 25 14 69 
99 F   26 75 61 41 35 01 03 10 94 59 85 28 79 66 77 71 18 95 63 73 56 27 33 04 29 15 78 34 74 97 47 68 37 52 02 12 98 22 39 70 16 31 36 84 46 24 99 25 14 69 
10     26 75 61 41 35 01 03 10 94 59 85 28 79 66 77 71 18 95 63 73 56 27 33 04 29 15 78 34 74 97 47 68 37 52 02 12 98 22 39 70 16 31 36 84 46 24 99 25 14 69 
43 F   26 75 61 41 35 01 03 10 94 59 85 28 79 66 77 71 18 95 63 73 56 27 33 04 29 15 78 34 74 97 47 68 37 52 02 12 98 22 39 70 16 31 36 84 46 24 99 43 14 69 
48 F   26 75 61 41 35 01 03 10 94 59 85 28 79 66 77 71 18 95 63 73 56 27 33 04 29 15 78 34 74 97 47 68 37 52 02 12 98 22 39 70 16 31 36 84 46 24 99 43 48 69 
78     26 75 61 41 35 01 03 10 94 59 85 28 79 66 77 71 18 95 63 73 56 27 33 04 29 15 78 34 74 97 47 68 37 52 02 12 98 22 39 70 16 31 36 84 46 24 99 43 48 69 
89 F   26 75 61 41 35 01 03 10 94 59 85 28 79 66 77 71 18 95 63 73 56 27 33 04 29 15 78 34 74 97 47 68 37 52 02 12 98 22 39 70 16 31 36 84 46 24 99 43 48 89 
71     26 75 61 41 35 01 03 10 94 59 85 28 79 66 77 71 18 95 63 73 56 27 33 04 29 15 78 34 74 97 47 68 37 52 02 12 98 22 39 70 16 31 36 84 46 24 99 43 48 89 
45 F   45 75 61 41 35 01 03 10 94 59 85 28 79 66 77 71 18 95 63 73 56 27 33 04 29 15 78 34 74 97 47 68 37 52 02 12 98 22 39 70 16 31 36 84 46 24 99 43 48 89 
55 F   45 55 61 41 35 01 03 10 94 59 85 28 79 66 77 71 18 95 63 73 56 27 33 04 29 15 78 34 74 97 47 68 37 52 02 12 98 22 39 70 16 31 36 84 46 24 99 43 48 89 
25 F   45 55 25 41 35 01 03 10 94 59 85 28 79 66 77 71 18 95 63 73 56 27 33 04 29 15 78 34 74 97 47 68 37 52 02 12 98 22 39 70 16 31 36 84 46 24 99 43 48 89 
75 F   45 55 25 75 35 01 03 10 94 59 85 28 79 66 77 71 18 95 63 73 56 27 33 04 29 15 78 34 74 97 47 68 37 52 02 12 98 22 39 70 16 31 36 84 46 24 99 43 48 89 
31     45 55 25 75 35 01 03 10 94 59 85 28 79 66 77 71 18 95 63 73 56 27 33 04 29 15 78 34 74 97 47 68 37 52 02 12 98 22 39 70 16 31 36 84 46 24 99 43 48 89 
04     45 55 25 75 35 01 03 10 94 59 85 28 79 66 77 71 18 95 63 73 56 27 33 04 29 15 78 34 74 97 47 68 37 52 02 12 98 22 39 70 16 31 36 84 46 24 99 43 48 89 
99     45 55 25 75 35 01 03 10 94 59 85 28 79 66 77 71 18 95 63 73 56 27 33 04 29 15 78 34 74 97 47 68 37 52 02 12 98 22 39 70 16 31 36 84 46 24 99 43 48 89 
10     45 55 25 75 35 01 03 10 94 59 85 28 79 66 77 71 18 95 63 73 56 27 33 04 29 15 78 34 74 97 47 68 37 52 02 12 98 22 39 70 16 31 36 84 46 24 99 43 48 89 
96 F   45 55 25 75 96 01 03 10 94 59 85 28 79 66 77 71 18 95 63 73 56 27 33 04 29 15 78 34 74 97 47 68 37 52 02 12 98 22 39 70 16 31 36 84 46 24 99 43 48 89 
99     45 55 25 75 96 01 03 10 94 59 85 28 79 66 77 71 18 95 63 73 56 27 33 04 29 15 78 34 74 97 47 68 37 52 02 12 98 22 39 70 16 31 36 84 46 24 99 43 48 89 
35 F   45 55 25 75 96 35 03 10 94 59 85 28 79 66 77 71 18 95 63 73 56 27 33 04 29 15 78 34 74 97 47 68 37 52 02 12 98 22 39 70 16 31 36 84 46 24 99 43 48 89 
63     45 55 25 75 96 35 03 10 94 59 85 28 79 66 77 71 18 95 63 73 56 27 33 04 29 15 78 34 74 97 47 68 37 52 02 12 98 22 39 70 16 31 36 84 46 24 99 43 48 89 
76 F   45 55 25 75 96 35 76 10 94 59 85 28 79 66 77 71 18 95 63 73 56 27 33 04 29 15 78 34 74 97 47 68 37 52 02 12 98 22 39 70 16 31 36 84 46 24 99 43 48 89 
67 F   45 55 25 75 96 35 76 67 94 59 85 28 79 66 77 71 18 95 63 73 56 27 33 04 29 15 78 34 74 97 47 68 37 52 02 12 98 22 39 70 16 31 36 84 46 24 99 43 48 89 
33     45 55 25 75 96 35 76 67 94 59 85 28 79 66 77 71 18 95 63 73 56 27 33 04 29 15 78 34 74 97 47 68 37 52 02 12 98 22 39 70 16 31 36 84 46 24 99 43 48 89 
06 F   45 55 25 75 96 35 76 67 06 59 85 28 79 66 77 71 18 95 63 73 56 27 33 04 29 15 78 34 74 97 47 68 37 52 02 12 98 22 39 70 16 31 36 84 46 24 99 43 48 89 
15     45 55 25 75 96 35 76 67 06 59 85 28 79 66 77 71 18 95 63 73 56 27 33 04 29 15 78 34 74 97 47 68 37 52 02 12 98 22 39 70 16 31 36 84 46 24 99 43 48 89 
79     45 55 25 75 96 35 76 67 06 59 85 28 79 66 77 71 18 95 63 73 56 27 33 04 29 15 78 34 74 97 47 68 37 52 02 12 98 22 39 70 16 31 36 84 46 24 99 43 48 89 
09 F   45 55 25 75 96 35 76 67 06 09 85 28 79 66 77 71 18 95 63 73 56 27 33 04 29 15 78 34 74 97 47 68 37 52 02 12 98 22 39 70 16 31 36 84 46 24 99 43 48 89 
24     45 55 25 75 96 35 76 67 06 09 85 28 79 66 77 71 18 95 63 73 56 27 33 04 29 15 78 34 74 97 47 68 37 52 02 12 98 22 39 70 16 31 36 84 46 24 99 43 48 89 
34     45 55 25 75 96 35 76 67 06 09 85 28 79 66 77 71 18 95 63 73 56 27 33 04 29 15 78 34 74 97 47 68 37 52 02 12 98 22 39 70 16 31 36 84 46 24 99 43 48 89 
94 F   45 55 25 75 96 35 76 67 06 09 94 28 79 66 77 71 18 95 63 73 56 27 33 04 29 15 78 34 74 97 47 68 37 52 02 12 98 22 39 70 16 31 36 84 46 24 99 43 48 89 
79     45 55 25 75 96 35 76 67 06 09 94 28 79 66 77 71 18 95 63 73 56 27 33 04 29 15 78 34 74 97 47 68 37 52 02 12 98 22 39 70 16 31 36 84 46 24 99 43 48 89 
13 F   45 55 25 75 96 35 76 67 06 09 94 13 79 66 77 71 18 95 63 73 56 27 33 04 29 15 78 34 74 97 47 68 37 52 02 12 98 22 39 70 16 31 36 84 46 24 99 43 48 89 
41 F   45 55 25 75 96 35 76 67 06 09 94 13 41 66 77 71 18 95 63 73 56 27 33 04 29 15 78 34 74 97 47 68 37 52 02 12 98 22 39 70 16 31 36 84 46 24 99 43 48 89 
65 F   45 55 25 75 96 35 76 67 06 09 94 13 41 65 77 71 18 95 63 73 56 27 33 04 29 15 78 34 74 97 47 68 37 52 02 12 98 22 39 70 16 31 36 84 46 24 99 43 48 89 
20 F   45 55 25 75 96 35 76 67 06 09 94 13 41 65 20 71 18 95 63 73 56 27 33 04 29 15 78 34 74 97 47 68 37 52 02 12 98 22 39 70 16 31 36 84 46 24 99 43 48 89 
04     45 55 25 75 96 35 76 67 06 09 94 13 41 65 20 71 18 95 63 73 56 27 33 04 29 15 78 34 74 97 47 68 37 52 02 12 98 22 39 70 16 31 36 84 46 24 99 43 48 89 
73     45 55 25 75 96 35 76 67 06 09 94 13 41 65 20 71 18 95 63 73 56 27 33 04 29 15 78 34 74 97 47 68 37 52 02 12 98 22 39 70 16 31 36 84 46 24 99 43 48 89 
77 F   45 55 25 75 96 35 76 67 06 09 94 13 41 65 20 77 18 95 63 73 56 27 33 04 29 15 78 34 74 97 47 68 37 52 02 12 98 22 39 70 16 31 36 84 46 24 99 43 48 89 
02     45 55 25 75 96 35 76 67 06 09 94 13 41 65 20 77 18 95 63 73 56 27 33 04 29 15 78 34 74 97 47 68 37 52 02 12 98 22 39 70 16 31 36 84 46 24 99 43 48 89 
69 F   45 55 25 75 96 35 76 67 06 09 94 13 41 65 20 77 69 95 63 73 56 27 33 04 29 15 78 34 74 97 47 68 37 52 02 12 98 22 39 70 16 31 36 84 46 24 99 43 48 89 
97     45 55 25 75 96 35 76 67 06 09 94 13 41 65 20 77 69 95 63 73 56 27 33 04 29 15 78 34 74 97 47 68 37 52 02 12 98 22 39 70 16 31 36 84 46 24 99 43 48 89 
29     45 55 25 75 96 35 76 67 06 09 94 13 41 65 20 77 69 95 63 73 56 27 33 04 29 15 78 34 74 97 47 68 37 52 02 12 98 22 39 70 16 31 36 84 46 24 99 43 48 89 
18 F   45 55 25 75 96 35 76 67 06 09 94 13 41 65 20 77 69 18 63 73 56 27 33 04 29 15 78 34 74 97 47 68 37 52 02 12 98 22 39 70 16 31 36 84 46 24 99 43 48 89 
06     45 55 25 75 96 35 76 67 06 09 94 13 41 65 20 77 69 18 63 73 56 27 33 04 29 15 78 34 74 97 47 68 37 52 02 12 98 22 39 70 16 31 36 84 46 24 99 43 48 89 
48     45 55 25 75 96 35 76 67 06 09 94 13 41 65 20 77 69 18 63 73 56 27 33 04 29 15 78 34 74 97 47 68 37 52 02 12 98 22 39 70 16 31 36 84 46 24 99 43 48 89 
80 F   45 55 25 75 96 35 76 67 06 09 94 13 41 65 20 77 69 18 80 73 56 27 33 04 29 15 78 34 74 97 47 68 37 52 02 12 98 22 39 70 16 31 36 84 46 24 99 43 48 89 
54 F   45 55 25 75 96 35 76 67 06 09 94 13 41 65 20 77 69 18 80 54 56 27 33 04 29 15 78 34 74 97 47 68 37 52 02 12 98 22 39 70 16 31 36 84 46 24 99 43 48 89 
83 F   45 55 25 75 96 35 76 67 06 09 94 13 41 65 20 77 69 18 80 54 83 27 33 04 29 15 78 34 74 97 47 68 37 52 02 12 98 22 39 70 16 31 36 84 46 24 99 43 48 89 
28 F   45 55 25 75 96 35 76 67 06 09 94 13 41 65 20 77 69 18 80 54 83 28 33 04 29 15 78 34 74 97 47 68 37 52 02 12 98 22 39 70 16 31 36 84 46 24 99 43 48 89 
86 F   45 55 25 75 96 35 76 67 06 09 94 13 41 65 20 77 69 18 80 54 83 28 86 04 29 15 78 34 74 97 47 68 37 52 02 12 98 22 39 70 16 31 36 84 46 24 99 43 48 89 
66 F   45 55 25 75 96 35 76 67 06 09 94 13 41 65 20 77 69 18 80 54 83 28 86 66 29 15 78 34 74 97 47 68 37 52 02 12 98 22 39 70 16 31 36 84 46 24 99 43 48 89 
10 F   45 55 25 75 96 35 76 67 06 09 94 13 41 65 20 77 69 18 80 54 83 28 86 66 10 15 78 34 74 97 47 68 37 52 02 12 98 22 39 70 16 31 36 84 46 24 99 43 48 89 
73 F   45 55 25 75 96 35 76 67 06 09 94 13 41 65 20 77 69 18 80 54 83 28 86 66 10 73 78 34 74 97 47 68 37 52 02 12 98 22 39 70 16 31 36 84 46 24 99 43 48 89 
72 F   45 55 25 75 96 35 76 67 06 09 94 13 41 65 20 77 69 18 80 54 83 28 86 66 10 73 72 34 74 97 47 68 37 52 02 12 98 22 39 70 16 31 36 84 46 24 99 43 48 89 
23 F   45 55 25 75 96 35 76 67 06 09 94 13 41 65 20 77 69 18 80 54 83 28 86 66 10 73 72 23 74 97 47 68 37 52 02 12 98 22 39 70 16 31 36 84 46 24 99 43 48 89 
38 F   45 55 25 75 96 35 76 67 06 09 94 13 41 65 20 77 69 18 80 54 83 28 86 66 10 73 72 23 38 97 47 68 37 52 02 12 98 22 39 70 16 31 36 84 46 24 99 43 48 89 
72     45 55 25 75 96 35 76 67 06 09 94 13 41 65 20 77 69 18 80 54 83 28 86 66 10 73 72 23 38 97 47 68 37 52 02 12 98 22 39 70 16 31 36 84 46 24 99 43 48 89 
81 F   45 55 25 75 96 35 76 67 06 09 94 13 41 65 20 77 69 18 80 54 83 28 86 66 10 73 72 23 38 81 47 68 37 52 02 12 98 22 39 70 16 31 36 84 46 24 99 43 48 89 
60 F   45 55 25 75 96 35 76 67 06 09 94 13 41 65 20 77 69 18 80 54 83 28 86 66 10 73 72 23 38 81 60 68 37 52 02 12 98 22 39 70 16 31 36 84 46 24 99 43 48 89 
29 F   45 55 25 75 96 35 76 67 06 09 94 13 41 65 20 77 69 18 80 54 83 28 86 66 10 73 72 23 38 81 60 29 37 52 02 12 98 22 39 70 16 31 36 84 46 24 99 43 48 89 
77     45 55 25 75 96 35 76 67 06 09 94 13 41 65 20 77 69 18 80 54 83 28 86 66 10 73 72 23 38 81 60 29 37 52 02 12 98 22 39 70 16 31 36 84 46 24 99 43 48 89 
72     45 55 25 75 96 35 76 67 06 09 94 13 41 65 20 77 69 18 80 54 83 28 86 66 10 73 72 23 38 81 60 29 37 52 02 12 98 22 39 70 16 31 36 84 46 24 99 43 48 89 
91 F   45 55 25 75 96 35 76 67 06 09 94 13 41 65 20 77 69 18 80 54 83 28 86 66 10 73 72 23 38 81 60 29 91 52 02 12 98 22 39 70 16 31 36 84 46 24 99 43 48 89 
47 F   45 55 25 75 96 35 76 67 06 09 94 13 41 65 20 77 69 18 80 54 83 28 86 66 10 73 72 23 38 81 60 29 91 47 02 12 98 22 39 70 16 31 36 84 46 24 99 43 48 89 
69     45 55 25 75 96 35 76 67 06 09 94 13 41 65 20 77 69 18 80 54 83 28 86 66 10 73 72 23 38 81 60 29 91 47 02 12 98 22 39 70 16 31 36 84 46 24 99 43 48 89 
87 F   45 55 25 75 96 35 76 67 06 09 94 13 41 65 20 77 69 18 80 54 83 28 86 66 10 73 72 23 38 81 60 29 91 47 87 12 98 22 39 70 16 31 36 84 46 24 99 43 48 89 
16     45 55 25 75 96 35 76 67 06 09 94 13 41 65 20 77 69 18 80 54 83 28 86 66 10 73 72 23 38 81 60 29 91 47 87 12 98 22 39 70 16 31 36 84 46 24 99 43 48 89 
45     45 55 25 75 96 35 76 67 06 09 94 13 41 65 20 77 69 18 80 54 83 28 86 66 10 73 72 23 38 81 60 29 91 47 87 12 98 22 39 70 16 31 36 84 46 24 99 43 48 89 
78 F   45 55 25 75 96 35 76 67 06 09 94 13 41 65 20 77 69 18 80 54 83 28 86 66 10 73 72 23 38 81 60 29 91 47 87 78 98 22 39 70 16 31 36 84 46 24 99 43 48 89 
70     45 55 25 75 96 35 76 67 06 09 94 13 41 65 20 77 69 18 80 54 83 28 86 66 10 73 72 23 38 81 60 29 91 47 87 78 98 22 39 70 16 31 36 84 46 24 99 43 48 89 
63 F   45 55 25 75 96 35 76 67 06 09 94 13 41 65 20 77 69 18 80 54 83 28 86 66 10 73 72 23 38 81 60 29 91 47 87 78 63 22 39 70 16 31 36 84 46 24 99 43 48 89 
40 F   45 55 25 75 96 35 76 67 06 09 94 13 41 65 20 77 69 18 80 54 83 28 86 66 10 73 72 23 38 81 60 29 91 47 87 78 63 40 39 70 16 31 36 84 46 24 99 43 48 89 
17 F   45 55 25 75 96 35 76 67 06 09 94 13 41 65 20 77 69 18 80 54 83 28 86 66 10 73 72 23 38 81 60 29 91 47 87 78 63 40 17 70 16 31 36 84 46 24 99 43 48 89 
84     45 55 25 75 96 35 76 67 06 09 94 13 41 65 20 77 69 18 80 54 83 28 86 66 10 73 72 23 38 81 60 29 91 47 87 78 63 40 17 70 16 31 36 84 46 24 99 43 48 89 
30 F   45 55 25 75 96 35 76 67 06 09 94 13 41 65 20 77 69 18 80 54 83 28 86 66 10 73 72 23 38 81 60 29 91 47 87 78 63 40 17 30 16 31 36 84 46 24 99 43 48 89 
20     45 55 25 75 96 35 76 67 06 09 94 13 41 65 20 77 69 18 80 54 83 28 86 66 10 73 72 23 38 81 60 29 91 47 87 78 63 40 17 30 16 31 36 84 46 24 99 43 48 89 
42 F   45 55 25 75 96 35 76 67 06 09 94 13 41 65 20 77 69 18 80 54 83 28 86 66 10 73 72 23 38 81 60 29 91 47 87 78 63 40 17 30 42 31 36 84 46 24 99 43 48 89 
36     45 55 25 75 96 35 76 67 06 09 94 13 41 65 20 77 69 18 80 54 83 28 86 66 10 73 72 23 38 81 60 29 91 47 87 78 63 40 17 30 42 31 36 84 46 24 99 43 48 89 
19 F   45 55 25 75 96 35 76 67 06 09 94 13 41 65 20 77 69 18 80 54 83 28 86 66 10 73 72 23 38 81 60 29 91 47 87 78 63 40 17 30 42 19 36 84 46 24 99 43 48 89 
49 F   45 55 25 75 96 35 76 67 06 09 94 13 41 65 20 77 69 18 80 54 83 28 86 66 10 73 72 23 38 81 60 29 91 47 87 78 63 40 17 30 42 19 49 84 46 24 99 43 48 89 
38     45 55 25 75 96 35 76 67 06 09 94 13 41 65 20 77 69 18 80 54 83 28 86 66 10 73 72 23 38 81 60 29 91 47 87 78 63 40 17 30 42 19 49 84 46 24 99 43 48 89 
24     45 55 25 75 96 35 76 67 06 09 94 13 41 65 20 77 69 18 80 54 83 28 86 66 10 73 72 23 38 81 60 29 91 47 87 78 63 40 17 30 42 19 49 84 46 24 99 43 48 89 
70 F   45 55 25 75 96 35 76 67 06 09 94 13 41 65 20 77 69 18 80 54 83 28 86 66 10 73 72 23 38 81 60 29 91 47 87 78 63 40 17 30 42 19 49 70 46 24 99 43 48 89 
26 F   45 55 25 75 96 35 76 67 06 09 94 13 41 65 20 77 69 18 80 54 83 28 86 66 10 73 72 23 38 81 60 29 91 47 87 78 63 40 17 30 42 19 49 70 26 24 99 43 48 89 
10     45 55 25 75 96 35 76 67 06 09 94 13 41 65 20 77 69 18 80 54 83 28 86 66 10 73 72 23 38 81 60 29 91 47 87 78 63 40 17 30 42 19 49 70 26 24 99 43 48 89 
02 F   45 55 25 75 96 35 76 67 06 09 94 13 41 65 20 77 69 18 80 54 83 28 86 66 10 73 72 23 38 81 60 29 91 47 87 78 63 40 17 30 42 19 49 70 26 02 99 43 48 89 
18     45 55 25 75 96 35 76 67 06 09 94 13 41 65 20 77 69 18 80 54 83 28 86 66 10 73 72 23 38 81 60 29 91 47 87 78 63 40 17 30 42 19 49 70 26 02 99 43 48 89 
86     45 55 25 75 96 35 76 67 06 09 94 13 41 65 20 77 69 18 80 54 83 28 86 66 10 73 72 23 38 81 60 29 91 47 87 78 63 40 17 30 42 19 49 70 26 02 99 43 48 89 
68 F   45 55 25 75 96 35 76 67 06 09 94 13 41 65 20 77 69 18 80 54 83 28 86 66 10 73 72 23 38 81 60 29 91 47 87 78 63 40 17 30 42 19 49 70 26 02 68 43 48 89 
36 F   45 55 25 75 96 35 76 67 06 09 94 13 41 65 20 77 69 18 80 54 83 28 86 66 10 73 72 23 38 81 60 29 91 47 87 78 63 40 17 30 42 19 49 70 26 02 68 36 48 89 
29     45 55 25 75 96 35 76 67 06 09 94 13 41 65 20 77 69 18 80 54 83 28 86 66 10 73 72 23 38 81 60 29 91 47 87 78 63 40 17 30 42 19 49 70 26 02 68 36 48 89 
95 F   45 55 25 75 96 35 76 67 06 09 94 13 41 65 20 77 69 18 80 54 83 28 86 66 10 73 72 23 38 81 60 29 91 47 87 78 63 40 17 30 42 19 49 70 26 02 68 36 95 89 
94     45 55 25 75 96 35 76 67 06 09 94 13 41 65 20 77 69 18 80 54 83 28 86 66 10 73 72 23 38 81 60 29 91 47 87 78 63 40 17 30 42 19 49 70 26 02 68 36 95 89 
12 F   45 55 25 75 96 35 76 67 06 09 94 13 41 65 20 77 69 18 80 54 83 28 86 66 10 73 72 23 38 81 60 29 91 47 87 78 63 40 17 30 42 19 49 70 26 02 68 36 95 12 
15 F   15 55 25 75 96 35 76 67 06 09 94 13 41 65 20 77 69 18 80 54 83 28 86 66 10 73 72 23 38 81 60 29 91 47 87 78 63 40 17 30 42 19 49 70 26 02 68 36 95 12 
69     15 55 25 75 96 35 76 67 06 09 94 13 41 65 20 77 69 18 80 54 83 28 86 66 10 73 72 23 38 81 60 29 91 47 87 78 63 40 17 30 42 19 49 70 26 02 68 36 95 12 
78     15 55 25 75 96 35 76 67 06 09 94 13 41 65 20 77 69 18 80 54 83 28 86 66 10 73 72 23 38 81 60 29 91 47 87 78 63 40 17 30 42 19 49 70 26 02 68 36 95 12 
60     15 55 25 75 96 35 76 67 06 09 94 13 41 65 20 77 69 18 80 54 83 28 86 66 10 73 72 23 38 81 60 29 91 47 87 78 63 40 17 30 42 19 49 70 26 02 68 36 95 12 
06     15 55 25 75 96 35 76 67 06 09 94 13 41 65 20 77 69 18 80 54 83 28 86 66 10 73 72 23 38 81 60 29 91 47 87 78 63 40 17 30 42 19 49 70 26 02 68 36 95 12 
96     15 55 25 75 96 35 76 67 06 09 94 13 41 65 20 77 69 18 80 54 83 28 86 66 10 73 72 23 38 81 60 29 91 47 87 78 63 40 17 30 42 19 49 70 26 02 68 36 95 12 
65     15 55 25 75 96 35 76 67 06 09 94 13 41 65 20 77 69 18 80 54 83 28 86 66 10 73 72 23 38 81 60 29 91 47 87 78 63 40 17 30 42 19 49 70 26 02 68 36 95 12 
13     15 55 25 75 96 35 76 67 06 09 94 13 41 65 20 77 69 18 80 54 83 28 86 66 10 73 72 23 38 81 60 29 91 47 87 78 63 40 17 30 42 19 49 70 26 02 68 36 95 12 
63     15 55 25 75 96 35 76 67 06 09 94 13 41 65 20 77 69 18 80 54 83 28 86 66 10 73 72 23 38 81 60 29 91 47 87 78 63 40 17 30 42 19 49 70 26 02 68 36 95 12 
72     15 55 25 75 96 35 76 67 06 09 94 13 41 65 20 77 69 18 80 54 83 28 86 66 10 73 72 23 38 81 60 29 91 47 87 78 63 40 17 30 42 19 49 70 26 02 68 36 95 12 
25     15 55 25 75 96 35 76 67 06 09 94 13 41 65 20 77 69 18 80 54 83 28 86 66 10 73 72 23 38 81 60 29 91 47 87 78 63 40 17 30 42 19 49 70 26 02 68 36 95 12 
97 F   15 97 25 75 96 35 76 67 06 09 94 13 41 65 20 77 69 18 80 54 83 28 86 66 10 73 72 23 38 81 60 29 91 47 87 78 63 40 17 30 42 19 49 70 26 02 68 36 95 12 
52 F   15 97 52 75 96 35 76 67 06 09 94 13 41 65 20 77 69 18 80 54 83 28 86 66 10 73 72 23 38 81 60 29 91 47 87 78 63 40 17 30 42 19 49 70 26 02 68 36 95 12 
95     15 97 52 75 96 35 76 67 06 09 94 13 41 65 20 77 69 18 80 54 83 28 86 66 10 73 72 23 38 81 60 29 91 47 87 78 63 40 17 30 42 19 49 70 26 02 68 36 95 12 
98 F   15 97 52 98 96 35 76 67 06 09 94 13 41 65 20 77 69 18 80 54 83 28 86 66 10 73 72 23 38 81 60 29 91 47 87 78 63 40 17 30 42 19 49 70 26 02 68 36 95 12 
78     15 97 52 98 96 35 76 67 06 09 94 13 41 65 20 77 69 18 80 54 83 28 86 66 10 73 72 23 38 81 60 29 91 47 87 78 63 40 17 30 42 19 49 70 26 02 68 36 95 12 
65     15 97 52 98 96 35 76 67 06 09 94 13 41 65 20 77 69 18 80 54 83 28 86 66 10 73 72 23 38 81 60 29 91 47 87 78 63 40 17 30 42 19 49 70 26 02 68 36 95 12 
53 F   15 97 52 98 53 35 76 67 06 09 94 13 41 65 20 77 69 18 80 54 83 28 86 66 10 73 72 23 38 81 60 29 91 47 87 78 63 40 17 30 42 19 49 70 26 02 68 36 95 12 
99 F   15 97 52 98 53 99 76 67 06 09 94 13 41 65 20 77 69 18 80 54 83 28 86 66 10 73 72 23 38 81 60 29 91 47 87 78 63 40 17 30 42 19 49 70 26 02 68 36 95 12 
92 F   15 97 52 98 53 99 92 67 06 09 94 13 41 65 20 77 69 18 80 54 83 28 86 66 10 73 72 23 38 81 60 29 91 47 87 78 63 40 17 30 42 19 49 70 26 02 68 36 95 12 
18     15 97 52 98 53 99 92 67 06 09 94 13 41 65 20 77 69 18 80 54 83 28 86 66 10 73 72 23 38 81 60 29 91 47 87 78 63 40 17 30 42 19 49 70 26 02 68 36 95 12 
67     15 97 52 98 53 99 92 67 06 09 94 13 41 65 20 77 69 18 80 54 83 28 86 66 10 73 72 23 38 81 60 29 91 47 87 78 63 40 17 30 42 19 49 70 26 02 68 36 95 12 
26     15 97 52 98 53 99 92 67 06 09 94 13 41 65 20 77 69 18 80 54 83 28 86 66 10 73 72 23 38 81 60 29 91 47 87 78 63 40 17 30 42 19 49 70 26 02 68 36 95 12 
10     15 97 52 98 53 99 92 67 06 09 94 13 41 65 20 77 69 18 80 54 83 28 86 66 10 73 72 23 38 81 60 29 91 47 87 78 63 40 17 30 42 19 49 70 26 02 68 36 95 12 
68     15 97 52 98 53 99 92 67 06 09 94 13 41 65 20 77 69 18 80 54 83 28 86 66 10 73 72 23 38 81 60 29 91 47 87 78 63 40 17 30 42 19 49 70 26 02 68 36 95 12 
77     15 97 52 98 53 99 92 67 06 09 94 13 41 65 20 77 69 18 80 54 83 28 86 66 10 73 72 23 38 81 60 29 91 47 87 78 63 40 17 30 42 19 49 70 26 02 68 36 95 12 
53     15 97 52 98 53 99 92 67 06 09 94 13 41 65 20 77 69 18 80 54 83 28 86 66 10 73 72 23 38 81 60 29 91 47 87 78 63 40 17 30 42 19 49 70 26 02 68 36 95 12 
38     15 97 52 98 53 99 92 67 06 09 94 13 41 65 20 77 69 18 80 54 83 28 86 66 10 73 72 23 38 81 60 29 91 47 87 78 63 40 17 30 42 19 49 70 26 02 68 36 95 12 
36     15 97 52 98 53 99 92 67 06 09 94 13 41 65 20 77 69 18 80 54 83 28 86 66 10 73 72 23 38 81 60 29 91 47 87 78 63 40 17 30 42 19 49 70 26 02 68 36 95 12 
94     15 97 52 98 53 99 92 67 06 09 94 13 41 65 20 77 69 18 80 54 83 28 86 66 10 73 72 23 38 81 60 29 91 47 87 78 63 40 17 30 42 19 49 70 26 02 68 36 95 12 
36     15 97 52 98 53 99 92 67 06 09 94 13 41 65 20 77 69 18 80 54 83 28 86 66 10 73 72 23 38 81 60 29 91 47 87 78 63 40 17 30 42 19 49 70 26 02 68 36 95 12 
67     15 97 52 98 53 99 92 67 06 09 94 13 41 65 20 77 69 18 80 54 83 28 86 66 10 73 72 23 38 81 60 29 91 47 87 78 63 40 17 30 42 19 49 70 26 02 68 36 95 12 
27 F   15 97 52 98 53 99 92 27 06 09 94 13 41 65 20 77 69 18 80 54 83 28 86 66 10 73 72 23 38 81 60 29 91 47 87 78 63 40 17 30 42 19 49 70 26 02 68 36 95 12 
07 F   15 97 52 98 53 99 92 27 07 09 94 13 41 65 20 77 69 18 80 54 83 28 86 66 10 73 72 23 38 81 60 29 91 47 87 78 63 40 17 30 42 19 49 70 26 02 68 36 95 12 
87     15 97 52 98 53 99 92 27 07 09 94 13 41 65 20 77 69 18 80 54 83 28 86 66 10 73 72 23 38 81 60 29 91 47 87 78 63 40 17 30 42 19 49 70 26 02 68 36 95 12 
57 F   15 97 52 98 53 99 92 27 07 57 94 13 41 65 20 77 69 18 80 54 83 28 86 66 10 73 72 23 38 81 60 29 91 47 87 78 63 40 17 30 42 19 49 70 26 02 68 36 95 12 
90 F   15 97 52 98 53 99 92 27 07 57 90 13 41 65 20 77 69 18 80 54 83 28 86 66 10 73 72 23 38 81 60 29 91 47 87 78 63 40 17 30 42 19 49 70 26 02 68 36 95 12 
77     15 97 52 98 53 99 92 27 07 57 90 13 41 65 20 77 69 18 80 54 83 28 86 66 10 73 72 23 38 81 60 29 91 47 87 78 63 40 17 30 42 19 49 70 26 02 68 36 95 12 
41     15 97 52 98 53 99 92 27 07 57 90 13 41 65 20 77 69 18 80 54 83 28 86 66 10 73 72 23 38 81 60 29 91 47 87 78 63 40 17 30 42 19 49 70 26 02 68 36 95 12 
68     15 97 52 98 53 99 92 27 07 57 90 13 41 65 20 77 69 18 80 54 83 28 86 66 10 73 72 23 38 81 60 29 91 47 87 78 63 40 17 30 42 19 49 70 26 02 68 36 95 12 
31 F   15 97 52 98 53 99 92 27 07 57 90 31 41 65 20 77 69 18 80 54 83 28 86 66 10 73 72 23 38 81 60 29 91 47 87 78 63 40 17 30 42 19 49 70 26 02 68 36 95 12 
94 F   15 97 52 98 53 99 92 27 07 57 90 31 94 65 20 77 69 18 80 54 83 28 86 66 10 73 72 23 38 81 60 29 91 47 87 78 63 40 17 30 42 19 49 70 26 02 68 36 95 12 
93 F   15 97 52 98 53 99 92 27 07 57 90 31 94 93 20 77 69 18 80 54 83 28 86 66 10 73 72 23 38 81 60 29 91 47 87 78 63 40 17 30 42 19 49 70 26 02 68 36 95 12 
14 F   15 97 52 98 53 99 92 27 07 57 90 31 94 93 14 77 69 18 80 54 83 28 86 66 10 73 72 23 38 81 60 29 91 47 87 78 63 40 17 30 42 19 49 70 26 02 68 36 95 12 
53     15 97 52 98 53 99 92 27 07 57 90 31 94 93 14 77 69 18 80 54 83 28 86 66 10 73 72 23 38 81 60 29 91 47 87 78 63 40 17 30 42 19 49 70 26 02 68 36 95 12 
47     15 97 52 98 53 99 92 27 07 57 90 31 94 93 14 77 69 18 80 54 83 28 86 66 10 73 72 23 38 81 60 29 91 47 87 78 63 40 17 30 42 19 49 70 26 02 68 36 95 12 
10     15 97 52 98 53 99 92 27 07 57 90 31 94 93 14 77 69 18 80 54 83 28 86 66 10 73 72 23 38 81 60 29 91 47 87 78 63 40 17 30 42 19 49 70 26 02 68 36 95 12 
62 F   15 97 52 98 53 99 92 27 07 57 90 31 94 93 14 62 69 18 80 54 83 28 86 66 10 73 72 23 38 81 60 29 91 47 87 78 63 40 17 30 42 19 49 70 26 02 68 36 95 12 
81     15 97 52 98 53 99 92 27 07 57 90 31 94 93 14 62 69 18 80 54 83 28 86 66 10 73 72 23 38 81 60 29 91 47 87 78 63 40 17 30 42 19 49 70 26 02 68 36 95 12 
55 F   15 97 52 98 53 99 92 27 07 57 90 31 94 93 14 62 55 18 80 54 83 28 86 66 10 73 72 23 38 81 60 29 91 47 87 78 63 40 17 30 42 19 49 70 26 02 68 36 95 12 
81     15 97 52 98 53 99 92 27 07 57 90 31 94 93 14 62 55 18 80 54 83 28 86 66 10 73 72 23 38 81 60 29 91 47 87 78 63 40 17 30 42 19 49 70 26 02 68 36 95 12 
98     15 97 52 98 53 99 92 27 07 57 90 31 94 93 14 62 55 18 80 54 83 28 86 66 10 73 72 23 38 81 60 29 91 47 87 78 63 40 17 30 42 19 49 70 26 02 68 36 95 12 
57     15 97 52 98 53 99 92 27 07 57 90 31 94 93 14 62 55 18 80 54 83 28 86 66 10 73 72 23 38 81 60 29 91 47 87 78 63 40 17 30 42 19 49 70 26 02 68 36 95 12 
19     15 97 52 98 53 99 92 27 07 57 90 31 94 93 14 62 55 18 80 54 83 28 86 66 10 73 72 23 38 81 60 29 91 47 87 78 63 40 17 30 42 19 49 70 26 02 68 36 95 12 
39 F   15 97 52 98 53 99 92 27 07 57 90 31 94 93 14 62 55 39 80 54 83 28 86 66 10 73 72 23 38 81 60 29 91 47 87 78 63 40 17 30 42 19 49 70 26 02 68 36 95 12 
07     15 97 52 98 53 99 92 27 07 57 90 31 94 93 14 62 55 39 80 54 83 28 86 66 10 73 72 23 38 81 60 29 91 47 87 78 63 40 17 30 42 19 49 70 26 02 68 36 95 12 
60     15 97 52 98 53 99 92 27 07 57 90 31 94 93 14 62 55 39 80 54 83 28 86 66 10 73 72 23 38 81 60 29 91 47 87 78 63 40 17 30 42 19 49 70 26 02 68 36 95 12 
65 F   15 97 52 98 53 99 92 27 07 57 90 31 94 93 14 62 55 39 65 54 83 28 86 66 10 73 72 23 38 81 60 29 91 47 87 78 63 40 17 30 42 19 49 70 26 02 68 36 95 12 
09 F   15 97 52 98 53 99 92 27 07 57 90 31 94 93 14 62 55 39 65 09 83 28 86 66 10 73 72 23 38 81 60 29 91 47 87 78 63 40 17 30 42 19 49 70 26 02 68 36 95 12 
76 F   15 97 52 98 53 99 92 27 07 57 90 31 94 93 14 62 55 39 65 09 76 28 86 66 10 73 72 23 38 81 60 29 91 47 87 78 63 40 17 30 42 19 49 70 26 02 68 36 95 12 
93     15 97 52 98 53 99 92 27 07 57 90 31 94 93 14 62 55 39 65 09 76 28 86 66 10 73 72 23 38 81 60 29 91 47 87 78 63 40 17 30 42 19 49 70 26 02 68 36 95 12 
87     15 97 52 98 53 99 92 27 07 57 90 31 94 93 14 62 55 39 65 09 76 28 86 66 10 73 72 23 38 81 60 29 91 47 87 78 63 40 17 30 42 19 49 70 26 02 68 36 95 12 
27     15 97 52 98 53 99 92 27 07 57 90 31 94 93 14 62 55 39 65 09 76 28 86 66 10 73 72 23 38 81 60 29 91 47 87 78 63 40 17 30 42 19 49 70 26 02 68 36 95 12 
67 F   15 97 52 98 53 99 92 27 07 57 90 31 94 93 14 62 55 39 65 09 76 67 86 66 10 73 72 23 38 81 60 29 91 47 87 78 63 40 17 30 42 19 49 70 26 02 68 36 95 12 
90     15 97 52 98 53 99 92 27 07 57 90 31 94 93 14 62 55 39 65 09 76 67 86 66 10 73 72 23 38 81 60 29 91 47 87 78 63 40 17 30 42 19 49 70 26 02 68 36 95 12 
46 F   15 97 52 98 53 99 92 27 07 57 90 31 94 93 14 62 55 39 65 09 76 67 46 66 10 73 72 23 38 81 60 29 91 47 87 78 63 40 17 30 42 19 49 70 26 02 68 36 95 12 
11 F   15 97 52 98 53 99 92 27 07 57 90 31 94 93 14 62 55 39 65 09 76 67 46 11 10 73 72 23 38 81 60 29 91 47 87 78 63 40 17 30 42 19 49 70 26 02 68 36 95 12 
17     15 97 52 98 53 99 92 27 07 57 90 31 94 93 14 62 55 39 65 09 76 67 46 11 10 73 72 23 38 81 60 29 91 47 87 78 63 40 17 30 42 19 49 70 26 02 68 36 95 12 
70     15 97 52 98 53 99 92 27 07 57 90 31 94 93 14 62 55 39 65 09 76 67 46 11 10 73 72 23 38 81 60 29 91 47 87 78 63 40 17 30 42 19 49 70 26 02 68 36 95 12 
06 F   15 97 52 98 53 99 92 27 07 57 90 31 94 93 14 62 55 39 65 09 76 67 46 11 06 73 72 23 38 81 60 29 91 47 87 78 63 40 17 30 42 19 49 70 26 02 68 36 95 12 
19     15 97 52 98 53 99 92 27 07 57 90 31 94 93 14 62 55 39 65 09 76 67 46 11 06 73 72 23 38 81 60 29 91 47 87 78 63 40 17 30 42 19 49 70 26 02 68 36 95 12 
29     15 97 52 98 53 99 92 27 07 57 90 31 94 93 14 62 55 39 65 09 76 67 46 11 06 73 72 23 38 81 60 29 91 47 87 78 63 40 17 30 42 19 49 70 26 02 68 36 95 12 
06     15 97 52 98 53 99 92 27 07 57 90 31 94 93 14 62 55 39 65 09 76 67 46 11 06 73 72 23 38 81 60 29 91 47 87 78 63 40 17 30 42 19 49 70 26 02 68 36 95 12 
08 F   15 97 52 98 53 99 92 27 07 57 90 31 94 93 14 62 55 39 65 09 76 67 46 11 06 08 72 23 38 81 60 29 91 47 87 78 63 40 17 30 42 19 49 70 26 02 68 36 95 12 
38     15 97 52 98 53 99 92 27 07 57 90 31 94 93 14 62 55 39 65 09 76 67 46 11 06 08 72 23 38 81 60 29 91 47 87 78 63 40 17 30 42 19 49 70 26 02 68 36 95 12 
21 F   15 97 52 98 53 99 92 27 07 57 90 31 94 93 14 62 55 39 65 09 76 67 46 11 06 08 21 23 38 81 60 29 91 47 87 78 63 40 17 30 42 19 49 70 26 02 68 36 95 12 
25 F   15 97 52 98 53 99 92 27 07 57 90 31 94 93 14 62 55 39 65 09 76 67 46 11 06 08 21 25 38 81 60 29 91 47 87 78 63 40 17 30 42 19 49 70 26 02 68 36 95 12 
53     15 97 52 98 53 99 92 27 07 57 90 31 94 93 14 62 55 39 65 09 76 67 46 11 06 08 21 25 38 81 60 29 91 47 87 78 63 40 17 30 42 19 49 70 26 02 68 36 95 12 
57     15 97 52 98 53 99 92 27 07 57 90 31 94 93 14 62 55 39 65 09 76 67 46 11 06 08 21 25 38 81 60 29 91 47 87 78 63 40 17 30 42 19 49 70 26 02 68 36 95 12 
33 F   15 97 52 98 53 99 92 27 07 57 90 31 94 93 14 62 55 39 65 09 76 67 46 11 06 08 21 25 33 81 60 29 91 47 87 78 63 40 17 30 42 19 49 70 26 02 68 36 95 12 
30     15 97 52 98 53 99 92 27 07 57 90 31 94 93 14 62 55 39 65 09 76 67 46 11 06 08 21 25 33 81 60 29 91 47 87 78 63 40 17 30 42 19 49 70 26 02 68 36 95 12 
80 F   15 97 52 98 53 99 92 27 07 57 90 31 94 93 14 62 55 39 65 09 76 67 46 11 06 08 21 25 33 80 60 29 91 47 87 78 63 40 17 30 42 19 49 70 26 02 68 36 95 12 
31     15 97 52 98 53 99 92 27 07 57 90 31 94 93 14 62 55 39 65 09 76 67 46 11 06 08 21 25 33 80 60 29 91 47 87 78 63 40 17 30 42 19 49 70 26 02 68 36 95 12 
82 F   15 97 52 98 53 99 92 27 07 57 90 31 94 93 14 62 55 39 65 09 76 67 46 11 06 08 21 25 33 80 82 29 91 47 87 78 63 40 17 30 42 19 49 70 26 02 68 36 95 12 
32 F   15 97 52 98 53 99 92 27 07 57 90 31 94 93 14 62 55 39 65 09 76 67 46 11 06 08 21 25 33 80 82 32 91 47 87 78 63 40 17 30 42 19 49 70 26 02 68 36 95 12 
95     15 97 52 98 53 99 92 27 07 57 90 31 94 93 14 62 55 39 65 09 76 67 46 11 06 08 21 25 33 80 82 32 91 47 87 78 63 40 17 30 42 19 49 70 26 02 68 36 95 12 
26     15 97 52 98 53 99 92 27 07 57 90 31 94 93 14 62 55 39 65 09 76 67 46 11 06 08 21 25 33 80 82 32 91 47 87 78 63 40 17 30 42 19 49 70 26 02 68 36 95 12 
40     15 97 52 98 53 99 92 27 07 57 90 31 94 93 14 62 55 39 65 09 76 67 46 11 06 08 21 25 33 80 82 32 91 47 87 78 63 40 17 30 42 19 49 70 26 02 68 36 95 12 
84 F   15 97 52 98 53 99 92 27 07 57 90 31 94 93 14 62 55 39 65 09 76 67 46 11 06 08 21 25 33 80 82 32 84 47 87 78 63 40 17 30 42 19 49 70 26 02 68 36 95 12 
45 F   15 97 52 98 53 99 92 27 07 57 90 31 94 93 14 62 55 39 65 09 76 67 46 11 06 08 21 25 33 80 82 32 84 45 87 78 63 40 17 30 42 19 49 70 26 02 68 36 95 12 
20 F   15 97 52 98 53 99 92 27 07 57 90 31 94 93 14 62 55 39 65 09 76 67 46 11 06 08 21 25 33 80 82 32 84 45 20 78 63 40 17 30 42 19 49 70 26 02 68 36 95 12 
32     15 97 52 98 53 99 92 27 07 57 90 31 94 93 14 62 55 39 65 09 76 67 46 11 06 08 21 25 33 80 82 32 84 45 20 78 63 40 17 30 42 19 49 70 26 02 68 36 95 12 
34 F   15 97 52 98 53 99 92 27 07 57 90 31 94 93 14 62 55 39 65 09 76 67 46 11 06 08 21 25 33 80 82 32 84 45 20 34 63 40 17 30 42 19 49 70 26 02 68 36 95 12 
26     15 97 52 98 53 99 92 27 07 57 90 31 94 93 14 62 55 39 65 09 76 67 46 11 06 08 21 25 33 80 82 32 84 45 20 34 63 40 17 30 42 19 49 70 26 02 68 36 95 12 
08     15 97 52 98 53 99 92 27 07 57 90 31 94 93 14 62 55 39 65 09 76 67 46 11 06 08 21 25 33 80 82 32 84 45 20 34 63 40 17 30 42 19 49 70 26 02 68 36 95 12 
54 F   15 97 52 98 53 99 92 27 07 57 90 31 94 93 14 62 55 39 65 09 76 67 46 11 06 08 21 25 33 80 82 32 84 45 20 34 54 40 17 30 42 19 49 70 26 02 68 36 95 12 
63 F   15 97 52 98 53 99 92 27 07 57 90 31 94 93 14 62 55 39 65 09 76 67 46 11 06 08 21 25 33 80 82 32 84 45 20 34 54 63 17 30 42 19 49 70 26 02 68 36 95 12 
22 F   15 97 52 98 53 99 92 27 07 57 90 31 94 93 14 62 55 39 65 09 76 67 46 11 06 08 21 25 33 80 82 32 84 45 20 34 54 63 22 30 42 19 49 70 26 02 68 36 95 12 
18 F   15 97 52 98 53 99 92 27 07 57 90 31 94 93 14 62 55 39 65 09 76 67 46 11 06 08 21 25 33 80 82 32 84 45 20 34 54 63 22 18 42 19 49 70 26 02 68 36 95 12 
07     15 97 52 98 53 99 92 27 07 57 90 31 94 93 14 62 55 39 65 09 76 67 46 11 06 08 21 25 33 80 82 32 84 45 20 34 54 63 22 18 42 19 49 70 26 02 68 36 95 12 
86 F   15 97 52 98 53 99 92 27 07 57 90 31 94 93 14 62 55 39 65 09 76 67 46 11 06 08 21 25 33 80 82 32 84 45 20 34 54 63 22 18 86 19 49 70 26 02 68 36 95 12 
86     15 97 52 98 53 99 92 27 07 57 90 31 94 93 14 62 55 39 65 09 76 67 46 11 06 08 21 25 33 80 82 32 84 45 20 34 54 63 22 18 86 19 49 70 26 02 68 36 95 12 
86     15 97 52 98 53 99 92 27 07 57 90 31 94 93 14 62 55 39 65 09 76 67 46 11 06 08 21 25 33 80 82 32 84 45 20 34 54 63 22 18 86 19 49 70 26 02 68 36 95 12 
68     15 97 52 98 53 99 92 27 07 57 90 31 94 93 14 62 55 39 65 09 76 67 46 11 06 08 21 25 33 80 82 32 84 45 20 34 54 63 22 18 86 19 49 70 26 02 68 36 95 12 
22     15 97 52 98 53 99 92 27 07 57 90 31 94 93 14 62 55 39 65 09 76 67 46 11 06 08 21 25 33 80 82 32 84 45 20 34 54 63 22 18 86 19 49 70 26 02 68 36 95 12 
75 F   15 97 52 98 53 99 92 27 07 57 90 31 94 93 14 62 55 39 65 09 76 67 46 11 06 08 21 25 33 80 82 32 84 45 20 34 54 63 22 18 86 75 49 70 26 02 68 36 95 12 
79 F   15 97 52 98 53 99 92 27 07 57 90 31 94 93 14 62 55 39 65 09 76 67 46 11 06 08 21 25 33 80 82 32 84 45 20 34 54 63 22 18 86 75 79 70 26 02 68 36 95 12 
78 F   15 97 52 98 53 99 92 27 07 57 90 31 94 93 14 62 55 39 65 09 76 67 46 11 06 08 21 25 33 80 82 32 84 45 20 34 54 63 22 18 86 75 79 78 26 02 68 36 95 12 
68     15 97 52 98 53 99 92 27 07 57 90 31 94 93 14 62 55 39 65 09 76 67 46 11 06 08 21 25 33 80 82 32 84 45 20 34 54 63 22 18 86 75 79 78 26 02 68 36 95 12 
58 F   15 97 52 98 53 99 92 27 07 57 90 31 94 93 14 62 55 39 65 09 76 67 46 11 06 08 21 25 33 80 82 32 84 45 20 34 54 63 22 18 86 75 79 78 58 02 68 36 95 12 
56 F   15 97 52 98 53 99 92 27 07 57 90 31 94 93 14 62 55 39 65 09 76 67 46 11 06 08 21 25 33 80 82 32 84 45 20 34 54 63 22 18 86 75 79 78 58 56 68 36 95 12 
62     15 97 52 98 53 99 92 27 07 57 90 31 94 93 14 62 55 39 65 09 76 67 46 11 06 08 21 25 33 80 82 32 84 45 20 34 54 63 22 18 86 75 79 78 58 56 68 36 95 12 
45     15 97 52 98 53 99 92 27 07 57 90 31 94 93 14 62 55 39 65 09 76 67 46 11 06 08 21 25 33 80 82 32 84 45 20 34 54 63 22 18 86 75 79 78 58 56 68 36 95 12 
07     15 97 52 98 53 99 92 27 07 57 90 31 94 93 14 62 55 39 65 09 76 67 46 11 06 08 21 25 33 80 82 32 84 45 20 34 54 63 22 18 86 75 79 78 58 56 68 36 95 12 
62     15 97 52 98 53 99 92 27 07 57 90 31 94 93 14 62 55 39 65 09 76 67 46 11 06 08 21 25 33 80 82 32 84 45 20 34 54 63 22 18 86 75 79 78 58 56 68 36 95 12 
39     15 97 52 98 53 99 92 27 07 57 90 31 94 93 14 62 55 39 65 09 76 67 46 11 06 08 21 25 33 80 82 32 84 45 20 34 54 63 22 18 86 75 79 78 58 56 68 36 95 12 
04 F   15 97 52 98 53 99 92 27 07 57 90 31 94 93 14 62 55 39 65 09 76 67 46 11 06 08 21 25 33 80 82 32 84 45 20 34 54 63 22 18 86 75 79 78 58 56 04 36 95 12 
43 F   15 97 52 98 53 99 92 27 07 57 90 31 94 93 14 62 55 39 65 09 76 67 46 11 06 08 21 25 33 80 82 32 84 45 20 34 54 63 22 18 86 75 79 78 58 56 04 43 95 12 
04     15 97 52 98 53 99 92 27 07 57 90 31 94 93 14 62 55 39 65 09 76 67 46 11 06 08 21 25 33 80 82 32 84 45 20 34 54 63 22 18 86 75 79 78 58 56 04 43 95 12 
40 F   15 97 52 98 53 99 92 27 07 57 90 31 94 93 14 62 55 39 65 09 76 67 46 11 06 08 21 25 33 80 82 32 84 45 20 34 54 63 22 18 86 75 79 78 58 56 04 43 40 12 
98     15 97 52 98 53 99 92 27 07 57 90 31 94 93 14 62 55 39 65 09 76 67 46 11 06 08 21 25 33 80 82 32 84 45 20 34 54 63 22 18 86 75 79 78 58 56 04 43 40 12 
24 F   15 97 52 98 53 99 92 27 07 57 90 31 94 93 14 62 55 39 65 09 76 67 46 11 06 08 21 25 33 80 82 32 84 45 20 34 54 63 22 18 86 75 79 78 58 56 04 43 40 24 
16 F   16 97 52 98 53 99 92 27 07 57 90 31 94 93 14 62 55 39 65 09 76 67 46 11 06 08 21 25 33 80 82 32 84 45 20 34 54 63 22 18 86 75 79 78 58 56 04 43 40 24 
69 F   16 69 52 98 53 99 92 27 07 57 90 31 94 93 14 62 55 39 65 09 76 67 46 11 06 08 21 25 33 80 82 32 84 45 20 34 54 63 22 18 86 75 79 78 58 56 04 43 40 24 
94     16 69 52 98 53 99 92 27 07 57 90 31 94 93 14 62 55 39 65 09 76 67 46 11 06 08 21 25 33 80 82 32 84 45 20 34 54 63 22 18 86 75 79 78 58 56 04 43 40 24 
90     16 69 52 98 53 99 92 27 07 57 90 31 94 93 14 62 55 39 65 09 76 67 46 11 06 08 21 25 33 80 82 32 84 45 20 34 54 63 22 18 86 75 79 78 58 56 04 43 40 24 
85 F   16 69 85 98 53 99 92 27 07 57 90 31 94 93 14 62 55 39 65 09 76 67 46 11 06 08 21 25 33 80 82 32 84 45 20 34 54 63 22 18 86 75 79 78 58 56 04 43 40 24 
53     16 69 85 98 53 99 92 27 07 57 90 31 94 93 14 62 55 39 65 09 76 67 46 11 06 08 21 25 33 80 82 32 84 45 20 34 54 63 22 18 86 75 79 78 58 56 04 43 40 24 
19 F   16 69 85 19 53 99 92 27 07 57 90 31 94 93 14 62 55 39 65 09 76 67 46 11 06 08 21 25 33 80 82 32 84 45 20 34 54 63 22 18 86 75 79 78 58 56 04 43 40 24 
68 F   16 69 85 19 68 99 92 27 07 57 90 31 94 93 14 62 55 39 65 09 76 67 46 11 06 08 21 25 33 80 82 32 84 45 20 34 54 63 22 18 86 75 79 78 58 56 04 43 40 24 
08     16 69 85 19 68 99 92 27 07 57 90 31 94 93 14 62 55 39 65 09 76 67 46 11 06 08 21 25 33 80 82 32 84 45 20 34 54 63 22 18 86 75 79 78 58 56 04 43 40 24 
90     16 69 85 19 68 99 92 27 07 57 90 31 94 93 14 62 55 39 65 09 76 67 46 11 06 08 21 25 33 80 82 32 84 45 20 34 54 63 22 18 86 75 79 78 58 56 04 43 40 24 
89 F   16 69 85 19 68 89 92 27 07 57 90 31 94 93 14 62 55 39 65 09 76 67 46 11 06 08 21 25 33 80 82 32 84 45 20 34 54 63 22 18 86 75 79 78 58 56 04 43 40 24 
92     16 69 85 19 68 89 92 27 07 57 90 31 94 93 14 62 55 39 65 09 76 67 46 11 06 08 21 25 33 80 82 32 84 45 20 34 54 63 22 18 86 75 79 78 58 56 04 43 40 24 
91 F   16 69 85 19 68 89 91 27 07 57 90 31 94 93 14 62 55 39 65 09 76 67 46 11 06 08 21 25 33 80 82 32 84 45 20 34 54 63 22 18 86 75 79 78 58 56 04 43 40 24 
70 F   16 69 85 19 68 89 91 70 07 57 90 31 94 93 14 62 55 39 65 09 76 67 46 11 06 08 21 25 33 80 82 32 84 45 20 34 54 63 22 18 86 75 79 78 58 56 04 43 40 24 
97 F   16 69 85 19 68 89 91 70 97 57 90 31 94 93 14 62 55 39 65 09 76 67 46 11 06 08 21 25 33 80 82 32 84 45 20 34 54 63 22 18 86 75 79 78 58 56 04 43 40 24 
82     16 69 85 19 68 89 91 70 97 57 90 31 94 93 14 62 55 39 65 09 76 67 46 11 06 08 21 25 33 80 82 32 84 45 20 34 54 63 22 18 86 75 79 78 58 56 04 43 40 24 
86     16 69 85 19 68 89 91 70 97 57 90 31 94 93 14 62 55 39 65 09 76 67 46 11 06 08 21 25 33 80 82 32 84 45 20 34 54 63 22 18 86 75 79 78 58 56 04 43 40 24 
99 F   16 69 85 19 68 89 91 70 97 99 90 31 94 93 14 62 55 39 65 09 76 67 46 11 06 08 21 25 33 80 82 32 84 45 20 34 54 63 22 18 86 75 79 78 58 56 04 43 40 24 
35 F   16 69 85 19 68 89 91 70 97 99 35 31 94 93 14 62 55 39 65 09 76 67 46 11 06 08 21 25 33 80 82 32 84 45 20 34 54 63 22 18 86 75 79 78 58 56 04 43 40 24 
50 F   16 69 85 19 68 89 91 70 97 99 35 50 94 93 14 62 55 39 65 09 76 67 46 11 06 08 21 25 33 80 82 32 84 45 20 34 54 63 22 18 86 75 79 78 58 56 04 43 40 24 
94     16 69 85 19 68 89 91 70 97 99 35 50 94 93 14 62 55 39 65 09 76 67 46 11 06 08 21 25 33 80 82 32 84 45 20 34 54 63 22 18 86 75 79 78 58 56 04 43 40 24 
05 F   16 69 85 19 68 89 91 70 97 99 35 50 05 93 14 62 55 39 65 09 76 67 46 11 06 08 21 25 33 80 82 32 84 45 20 34 54 63 22 18 86 75 79 78 58 56 04 43 40 24 
69     16 69 85 19 68 89 91 70 97 99 35 50 05 93 14 62 55 39 65 09 76 67 46 11 06 08 21 25 33 80 82 32 84 45 20 34 54 63 22 18 86 75 79 78 58 56 04 43 40 24 
31 F   16 69 85 19 68 89 91 70 97 99 35 50 05 31 14 62 55 39 65 09 76 67 46 11 06 08 21 25 33 80 82 32 84 45 20 34 54 63 22 18 86 75 79 78 58 56 04 43 40 24 
-------------------------------------
Number of page faults = 164
