Replacement Policy = LRU
-------------------------------------
Page   Content of Frames
----   -----------------
77     77 
41     77 41 
15     77 41 15 
94     77 41 15 94 
23     77 41 15 94 23 
87     77 41 15 94 23 87 
55     77 41 15 94 23 87 55 
80     77 41 15 94 23 87 55 80 
68     77 41 15 94 23 87 55 80 68 
63     77 41 15 94 23 87 55 80 68 63 
52     77 41 15 94 23 87 55 80 68 63 52 
41     77 41 15 94 23 87 55 80 68 63 52 
86     77 41 15 94 23 87 55 80 68 63 52 86 
51     77 41 15 94 23 87 55 80 68 63 52 86 51 
47     77 41 15 94 23 87 55 80 68 63 52 86 51 47 
83     77 41 15 94 23 87 55 80 68 63 52 86 51 47 83 
54     77 41 15 94 23 87 55 80 68 63 52 86 51 47 83 54 
32     77 41 15 94 23 87 55 80 68 63 52 86 51 47 83 54 32 
23     77 41 15 94 23 87 55 80 68 63 52 86 51 47 83 54 32 
82     77 41 15 94 23 87 55 80 68 63 52 86 51 47 83 54 32 82 
60     77 41 15 94 23 87 55 80 68 63 52 86 51 47 83 54 32 82 60 
65     77 41 15 94 23 87 55 80 68 63 52 86 51 47 83 54 32 82 60 65 
74     77 41 15 94 23 87 55 80 68 63 52 86 51 47 83 54 32 82 60 65 74 
09     77 41 15 94 23 87 55 80 68 63 52 86 51 47 83 54 32 82 60 65 74 09 
06     77 41 15 94 23 87 55 80 68 63 52 86 51 47 83 54 32 82 60 65 74 09 06 
93     77 41 15 94 23 87 55 80 68 63 52 86 51 47 83 54 32 82 60 65 74 09 06 93 
91     77 41 15 94 23 87 55 80 68 63 52 86 51 47 83 54 32 82 60 65 74 09 06 93 91 
23     77 41 15 94 23 87 55 80 68 63 52 86 51 47 83 54 32 82 60 65 74 09 06 93 91 
30     77 41 15 94 23 87 55 80 68 63 52 86 51 47 83 54 32 82 60 65 74 09 06 93 91 30 
21     77 41 15 94 23 87 55 80 68 63 52 86 51 47 83 54 32 82 60 65 74 09 06 93 91 30 21 
57     77 41 15 94 23 87 55 80 68 63 52 86 51 47 83 54 32 82 60 65 74 09 06 93 91 30 21 57 
37     77 41 15 94 23 87 55 80 68 63 52 86 51 47 83 54 32 82 60 65 74 09 06 93 91 30 21 57 37 
12     77 41 15 94 23 87 55 80 68 63 52 86 51 47 83 54 32 82 60 65 74 09 06 93 91 30 21 57 37 12 
53     77 41 15 94 23 87 55 80 68 63 52 86 51 47 83 54 32 82 60 65 74 09 06 93 91 30 21 57 37 12 53 
53     77 41 15 94 23 87 55 80 68 63 52 86 51 47 83 54 32 82 60 65 74 09 06 93 91 30 21 57 37 12 53 
15     77 41 15 94 23 87 55 80 68 63 52 86 51 47 83 54 32 82 60 65 74 09 06 93 91 30 21 57 37 12 53 
31     77 41 15 94 23 87 55 80 68 63 52 86 51 47 83 54 32 82 60 65 74 09 06 93 91 30 21 57 37 12 53 31 
02     77 41 15 94 23 87 55 80 68 63 52 86 51 47 83 54 32 82 60 65 74 09 06 93 91 30 21 57 37 12 53 31 02 
72     77 41 15 94 23 87 55 80 68 63 52 86 51 47 83 54 32 82 60 65 74 09 06 93 91 30 21 57 37 12 53 31 02 72 
46     77 41 15 94 23 87 55 80 68 63 52 86 51 47 83 54 32 82 60 65 74 09 06 93 91 30 21 57 37 12 53 31 02 72 46 
05     77 41 15 94 23 87 55 80 68 63 52 86 51 47 83 54 32 82 60 65 74 09 06 93 91 30 21 57 37 12 53 31 02 72 46 05 
86     77 41 15 94 23 87 55 80 68 63 52 86 51 47 83 54 32 82 60 65 74 09 06 93 91 30 21 57 37 12 53 31 02 72 46 05 
02     77 41 15 94 23 87 55 80 68 63 52 86 51 47 83 54 32 82 60 65 74 09 06 93 91 30 21 57 37 12 53 31 02 72 46 05 
13     77 41 15 94 23 87 55 80 68 63 52 86 51 47 83 54 32 82 60 65 74 09 06 93 91 30 21 57 37 12 53 31 02 72 46 05 13 
93     77 41 15 94 23 87 55 80 68 63 52 86 51 47 83 54 32 82 60 65 74 09 06 93 91 30 21 57 37 12 53 31 02 72 46 05 13 
55     77 41 15 94 23 87 55 80 68 63 52 86 51 47 83 54 32 82 60 65 74 09 06 93 91 30 21 57 37 12 53 31 02 72 46 05 13 
50     77 41 15 94 23 87 55 80 68 63 52 86 51 47 83 54 32 82 60 65 74 09 06 93 91 30 21 57 37 12 53 31 02 72 46 05 13 50 
65     77 41 15 94 23 87 55 80 68 63 52 86 51 47 83 54 32 82 60 65 74 09 06 93 91 30 21 57 37 12 53 31 02 72 46 05 13 50 
57     77 41 15 94 23 87 55 80 68 63 52 86 51 47 83 54 32 82 60 65 74 09 06 93 91 30 21 57 37 12 53 31 02 72 46 05 13 50 
76     77 41 15 94 23 87 55 80 68 63 52 86 51 47 83 54 32 82 60 65 74 09 06 93 91 30 21 57 37 12 53 31 02 72 46 05 13 50 76 
96     77 41 15 94 23 87 55 80 68 63 52 86 51 47 83 54 32 82 60 65 74 09 06 93 91 30 21 57 37 12 53 31 02 72 46 05 13 50 76 96 
08     77 41 15 94 23 87 55 80 68 63 52 86 51 47 83 54 32 82 60 65 74 09 06 93 91 30 21 57 37 12 53 31 02 72 46 05 13 50 76 96 08 
55     77 41 15 94 23 87 55 80 68 63 52 86 51 47 83 54 32 82 60 65 74 09 06 93 91 30 21 57 37 12 53 31 02 72 46 05 13 50 76 96 08 
91     77 41 15 94 23 87 55 80 68 63 52 86 51 47 83 54 32 82 60 65 74 09 06 93 91 30 21 57 37 12 53 31 02 72 46 05 13 50 76 96 08 
90     77 41 15 94 23 87 55 80 68 63 52 86 51 47 83 54 32 82 60 65 74 09 06 93 91 30 21 57 37 12 53 31 02 72 46 05 13 50 76 96 08 90 
67     77 41 15 94 23 87 55 80 68 63 52 86 51 47 83 54 32 82 60 65 74 09 06 93 91 30 21 57 37 12 53 31 02 72 46 05 13 50 76 96 08 90 67 
11     77 41 15 94 23 87 55 80 68 63 52 86 51 47 83 54 32 82 60 65 74 09 06 93 91 30 21 57 37 12 53 31 02 72 46 05 13 50 76 96 08 90 67 11 
68     77 41 15 94 23 87 55 80 68 63 52 86 51 47 83 54 32 82 60 65 74 09 06 93 91 30 21 57 37 12 53 31 02 72 46 05 13 50 76 96 08 90 67 11 
46     77 41 15 94 23 87 55 80 68 63 52 86 51 47 83 54 32 82 60 65 74 09 06 93 91 30 21 57 37 12 53 31 02 72 46 05 13 50 76 96 08 90 67 11 
58     77 41 15 94 23 87 55 80 68 63 52 86 51 47 83 54 32 82 60 65 74 09 06 93 91 30 21 57 37 12 53 31 02 72 46 05 13 50 76 96 08 90 67 11 58 
19     77 41 15 94 23 87 55 80 68 63 52 86 51 47 83 54 32 82 60 65 74 09 06 93 91 30 21 57 37 12 53 31 02 72 46 05 13 50 76 96 08 90 67 11 58 19 
43     77 41 15 94 23 87 55 80 68 63 52 86 51 47 83 54 32 82 60 65 74 09 06 93 91 30 21 57 37 12 53 31 02 72 46 05 13 50 76 96 08 90 67 11 58 19 43 
25     77 41 15 94 23 87 55 80 68 63 52 86 51 47 83 54 32 82 60 65 74 09 06 93 91 30 21 57 37 12 53 31 02 72 46 05 13 50 76 96 08 90 67 11 58 19 43 25 
58     77 41 15 94 23 87 55 80 68 63 52 86 51 47 83 54 32 82 60 65 74 09 06 93 91 30 21 57 37 12 53 31 02 72 46 05 13 50 76 96 08 90 67 11 58 19 43 25 
46     77 41 15 94 23 87 55 80 68 63 52 86 51 47 83 54 32 82 60 65 74 09 06 93 91 30 21 57 37 12 53 31 02 72 46 05 13 50 76 96 08 90 67 11 58 19 43 25 
09     77 41 15 94 23 87 55 80 68 63 52 86 51 47 83 54 32 82 60 65 74 09 06 93 91 30 21 57 37 12 53 31 02 72 46 05 13 50 76 96 08 90 67 11 58 19 43 25 
14     77 41 15 94 23 87 55 80 68 63 52 86 51 47 83 54 32 82 60 65 74 09 06 93 91 30 21 57 37 12 53 31 02 72 46 05 13 50 76 96 08 90 67 11 58 19 43 25 14 
93     77 41 15 94 23 87 55 80 68 63 52 86 51 47 83 54 32 82 60 65 74 09 06 93 91 30 21 57 37 12 53 31 02 72 46 05 13 50 76 96 08 90 67 11 58 19 43 25 14 
69     77 41 15 94 23 87 55 80 68 63 52 86 51 47 83 54 32 82 60 65 74 09 06 93 91 30 21 57 37 12 53 31 02 72 46 05 13 50 76 96 08 90 67 11 58 19 43 25 14 69 
26 F   26 41 15 94 23 87 55 80 68 63 52 86 51 47 83 54 32 82 60 65 74 09 06 93 91 30 21 57 37 12 53 31 02 72 46 05 13 50 76 96 08 90 67 11 58 19 43 25 14 69 
72     26 41 15 94 23 87 55 80 68 63 52 86 51 47 83 54 32 82 60 65 74 09 06 93 91 30 21 57 37 12 53 31 02 72 46 05 13 50 76 96 08 90 67 11 58 19 43 25 14 69 
75 F   26 41 15 75 23 87 55 80 68 63 52 86 51 47 83 54 32 82 60 65 74 09 06 93 91 30 21 57 37 12 53 31 02 72 46 05 13 50 76 96 08 90 67 11 58 19 43 25 14 69 
61 F   26 41 15 75 23 61 55 80 68 63 52 86 51 47 83 54 32 82 60 65 74 09 06 93 91 30 21 57 37 12 53 31 02 72 46 05 13 50 76 96 08 90 67 11 58 19 43 25 14 69 
69     26 41 15 75 23 61 55 80 68 63 52 86 51 47 83 54 32 82 60 65 74 09 06 93 91 30 21 57 37 12 53 31 02 72 46 05 13 50 76 96 08 90 67 11 58 19 43 25 14 69 
41     26 41 15 75 23 61 55 80 68 63 52 86 51 47 83 54 32 82 60 65 74 09 06 93 91 30 21 57 37 12 53 31 02 72 46 05 13 50 76 96 08 90 67 11 58 19 43 25 14 69 
35 F   26 41 15 75 23 61 55 35 68 63 52 86 51 47 83 54 32 82 60 65 74 09 06 93 91 30 21 57 37 12 53 31 02 72 46 05 13 50 76 96 08 90 67 11 58 19 43 25 14 69 
01 F   26 41 15 75 23 61 55 35 68 01 52 86 51 47 83 54 32 82 60 65 74 09 06 93 91 30 21 57 37 12 53 31 02 72 46 05 13 50 76 96 08 90 67 11 58 19 43 25 14 69 
51     26 41 15 75 23 61 55 35 68 01 52 86 51 47 83 54 32 82 60 65 74 09 06 93 91 30 21 57 37 12 53 31 02 72 46 05 13 50 76 96 08 90 67 11 58 19 43 25 14 69 
01     26 41 15 75 23 61 55 35 68 01 52 86 51 47 83 54 32 82 60 65 74 09 06 93 91 30 21 57 37 12 53 31 02 72 46 05 13 50 76 96 08 90 67 11 58 19 43 25 14 69 
03 F   26 41 15 75 23 61 55 35 68 01 03 86 51 47 83 54 32 82 60 65 74 09 06 93 91 30 21 57 37 12 53 31 02 72 46 05 13 50 76 96 08 90 67 11 58 19 43 25 14 69 
32     26 41 15 75 23 61 55 35 68 01 03 86 51 47 83 54 32 82 60 65 74 09 06 93 91 30 21 57 37 12 53 31 02 72 46 05 13 50 76 96 08 90 67 11 58 19 43 25 14 69 
10 F   26 41 15 75 23 61 55 35 68 01 03 86 51 10 83 54 32 82 60 65 74 09 06 93 91 30 21 57 37 12 53 31 02 72 46 05 13 50 76 96 08 90 67 11 58 19 43 25 14 69 
94 F   26 41 15 75 23 61 55 35 68 01 03 86 51 10 94 54 32 82 60 65 74 09 06 93 91 30 21 57 37 12 53 31 02 72 46 05 13 50 76 96 08 90 67 11 58 19 43 25 14 69 
61     26 41 15 75 23 61 55 35 68 01 03 86 51 10 94 54 32 82 60 65 74 09 06 93 91 30 21 57 37 12 53 31 02 72 46 05 13 50 76 96 08 90 67 11 58 19 43 25 14 69 
72     26 41 15 75 23 61 55 35 68 01 03 86 51 10 94 54 32 82 60 65 74 09 06 93 91 30 21 57 37 12 53 31 02 72 46 05 13 50 76 96 08 90 67 11 58 19 43 25 14 69 
65     26 41 15 75 23 61 55 35 68 01 03 86 51 10 94 54 32 82 60 65 74 09 06 93 91 30 21 57 37 12 53 31 02 72 46 05 13 50 76 96 08 90 67 11 58 19 43 25 14 69 
32     26 41 15 75 23 61 55 35 68 01 03 86 51 10 94 54 32 82 60 65 74 09 06 93 91 30 21 57 37 12 53 31 02 72 46 05 13 50 76 96 08 90 67 11 58 19 43 25 14 69 
59 F   26 41 15 75 23 61 55 35 68 01 03 86 51 10 94 59 32 82 60 65 74 09 06 93 91 30 21 57 37 12 53 31 02 72 46 05 13 50 76 96 08 90 67 11 58 19 43 25 14 69 
85 F   26 41 15 75 23 61 55 35 68 01 03 86 51 10 94 59 32 85 60 65 74 09 06 93 91 30 21 57 37 12 53 31 02 72 46 05 13 50 76 96 08 90 67 11 58 19 43 25 14 69 
28 F   26 41 15 75 23 61 55 35 68 01 03 86 51 10 94 59 32 85 28 65 74 09 06 93 91 30 21 57 37 12 53 31 02 72 46 05 13 50 76 96 08 90 67 11 58 19 43 25 14 69 
79 F   26 41 15 75 23 61 55 35 68 01 03 86 51 10 94 59 32 85 28 65 79 09 06 93 91 30 21 57 37 12 53 31 02 72 46 05 13 50 76 96 08 90 67 11 58 19 43 25 14 69 
66 F   26 41 15 75 23 61 55 35 68 01 03 86 51 10 94 59 32 85 28 65 79 09 66 93 91 30 21 57 37 12 53 31 02 72 46 05 13 50 76 96 08 90 67 11 58 19 43 25 14 69 
77 F   26 41 15 75 77 61 55 35 68 01 03 86 51 10 94 59 32 85 28 65 79 09 66 93 91 30 21 57 37 12 53 31 02 72 46 05 13 50 76 96 08 90 67 11 58 19 43 25 14 69 
59     26 41 15 75 77 61 55 35 68 01 03 86 51 10 94 59 32 85 28 65 79 09 66 93 91 30 21 57 37 12 53 31 02 72 46 05 13 50 76 96 08 90 67 11 58 19 43 25 14 69 
71 F   26 41 15 75 77 61 55 35 68 01 03 86 51 10 94 59 32 85 28 65 79 09 66 93 91 71 21 57 37 12 53 31 02 72 46 05 13 50 76 96 08 90 67 11 58 19 43 25 14 69 
18 F   26 41 15 75 77 61 55 35 68 01 03 86 51 10 94 59 32 85 28 65 79 09 66 93 91 71 18 57 37 12 53 31 02 72 46 05 13 50 76 96 08 90 67 11 58 19 43 25 14 69 
76     26 41 15 75 77 61 55 35 68 01 03 86 51 10 94 59 32 85 28 65 79 09 66 93 91 71 18 57 37 12 53 31 02 72 46 05 13 50 76 96 08 90 67 11 58 19 43 25 14 69 
67     26 41 15 75 77 61 55 35 68 01 03 86 51 10 94 59 32 85 28 65 79 09 66 93 91 71 18 57 37 12 53 31 02 72 46 05 13 50 76 96 08 90 67 11 58 19 43 25 14 69 
50     26 41 15 75 77 61 55 35 68 01 03 86 51 10 94 59 32 85 28 65 79 09 66 93 91 71 18 57 37 12 53 31 02 72 46 05 13 50 76 96 08 90 67 11 58 19 43 25 14 69 
50     26 41 15 75 77 61 55 35 68 01 03 86 51 10 94 59 32 85 28 65 79 09 66 93 91 71 18 57 37 12 53 31 02 72 46 05 13 50 76 96 08 90 67 11 58 19 43 25 14 69 
74 F   26 41 15 75 77 61 55 35 68 01 03 86 51 10 94 59 32 85 28 65 79 09 66 93 91 71 18 57 74 12 53 31 02 72 46 05 13 50 76 96 08 90 67 11 58 19 43 25 14 69 
95 F   26 41 15 75 77 61 55 35 68 01 03 86 51 10 94 59 32 85 28 65 79 09 66 93 91 71 18 57 74 95 53 31 02 72 46 05 13 50 76 96 08 90 67 11 58 19 43 25 14 69 
63 F   26 41 15 75 77 61 55 35 68 01 03 86 51 10 94 59 32 85 28 65 79 09 66 93 91 71 18 57 74 95 63 31 02 72 46 05 13 50 76 96 08 90 67 11 58 19 43 25 14 69 
73 F   26 41 73 75 77 61 55 35 68 01 03 86 51 10 94 59 32 85 28 65 79 09 66 93 91 71 18 57 74 95 63 31 02 72 46 05 13 50 76 96 08 90 67 11 58 19 43 25 14 69 
67     26 41 73 75 77 61 55 35 68 01 03 86 51 10 94 59 32 85 28 65 79 09 66 93 91 71 18 57 74 95 63 31 02 72 46 05 13 50 76 96 08 90 67 11 58 19 43 25 14 69 
93     26 41 73 75 77 61 55 35 68 01 03 86 51 10 94 59 32 85 28 65 79 09 66 93 91 71 18 57 74 95 63 31 02 72 46 05 13 50 76 96 08 90 67 11 58 19 43 25 14 69 
56 F   26 41 73 75 77 61 55 35 68 01 03 86 51 10 94 59 32 85 28 65 79 09 66 93 91 71 18 57 74 95 63 56 02 72 46 05 13 50 76 96 08 90 67 11 58 19 43 25 14 69 
18     26 41 73 75 77 61 55 35 68 01 03 86 51 10 94 59 32 85 28 65 79 09 66 93 91 71 18 57 74 95 63 56 02 72 46 05 13 50 76 96 08 90 67 11 58 19 43 25 14 69 
27 F   26 41 73 75 77 61 55 35 68 01 03 86 51 10 94 59 32 85 28 65 79 09 66 93 91 71 18 57 74 95 63 56 02 72 46 27 13 50 76 96 08 90 67 11 58 19 43 25 14 69 
33 F   26 41 73 75 77 61 55 35 68 01 03 33 51 10 94 59 32 85 28 65 79 09 66 93 91 71 18 57 74 95 63 56 02 72 46 27 13 50 76 96 08 90 67 11 58 19 43 25 14 69 
77     26 41 73 75 77 61 55 35 68 01 03 33 51 10 94 59 32 85 28 65 79 09 66 93 91 71 18 57 74 95 63 56 02 72 46 27 13 50 76 96 08 90 67 11 58 19 43 25 14 69 
04 F   26 41 73 75 77 61 55 35 68 01 03 33 51 10 94 59 32 85 28 65 79 09 66 93 91 71 18 57 74 95 63 56 04 72 46 27 13 50 76 96 08 90 67 11 58 19 43 25 14 69 
56     26 41 73 75 77 61 55 35 68 01 03 33 51 10 94 59 32 85 28 65 79 09 66 93 91 71 18 57 74 95 63 56 04 72 46 27 13 50 76 96 08 90 67 11 58 19 43 25 14 69 
13     26 41 73 75 77 61 55 35 68 01 03 33 51 10 94 59 32 85 28 65 79 09 66 93 91 71 18 57 74 95 63 56 04 72 46 27 13 50 76 96 08 90 67 11 58 19 43 25 14 69 
29 F   26 41 73 75 77 61 55 35 68 01 03 33 51 10 94 59 32 85 28 65 79 09 66 93 91 71 18 29 74 95 63 56 04 72 46 27 13 50 76 96 08 90 67 11 58 19 43 25 14 69 
15 F   26 41 73 75 77 61 55 35 68 01 03 33 51 10 94 59 32 85 28 65 79 09 66 93 91 71 18 29 74 95 63 56 04 72 46 27 13 50 76 15 08 90 67 11 58 19 43 25 14 69 
13     26 41 73 75 77 61 55 35 68 01 03 33 51 10 94 59 32 85 28 65 79 09 66 93 91 71 18 29 74 95 63 56 04 72 46 27 13 50 76 15 08 90 67 11 58 19 43 25 14 69 
76     26 41 73 75 77 61 55 35 68 01 03 33 51 10 94 59 32 85 28 65 79 09 66 93 91 71 18 29 74 95 63 56 04 72 46 27 13 50 76 15 08 90 67 11 58 19 43 25 14 69 
78 F   26 41 73 75 77 61 55 35 68 01 03 33 51 10 94 59 32 85 28 65 79 09 66 93 91 71 18 29 74 95 63 56 04 72 46 27 13 50 76 15 78 90 67 11 58 19 43 25 14 69 
43     26 41 73 75 77 61 55 35 68 01 03 33 51 10 94 59 32 85 28 65 79 09 66 93 91 71 18 29 74 95 63 56 04 72 46 27 13 50 76 15 78 90 67 11 58 19 43 25 14 69 
13     26 41 73 75 77 61 55 35 68 01 03 33 51 10 94 59 32 85 28 65 79 09 66 93 91 71 18 29 74 95 63 56 04 72 46 27 13 50 76 15 78 90 67 11 58 19 43 25 14 69 
34 F   26 41 73 75 77 61 34 35 68 01 03 33 51 10 94 59 32 85 28 65 79 09 66 93 91 71 18 29 74 95 63 56 04 72 46 27 13 50 76 15 78 90 67 11 58 19 43 25 14 69 
74     26 41 73 75 77 61 34 35 68 01 03 33 51 10 94 59 32 85 28 65 79 09 66 93 91 71 18 29 74 95 63 56 04 72 46 27 13 50 76 15 78 90 67 11 58 19 43 25 14 69 
97 F   26 41 73 75 77 61 34 35 68 01 03 33 51 10 94 59 32 85 28 65 79 09 66 93 97 71 18 29 74 95 63 56 04 72 46 27 13 50 76 15 78 90 67 11 58 19 43 25 14 69 
47 F   26 41 73 75 77 61 34 35 68 01 03 33 51 10 94 59 32 85 28 65 79 09 66 93 97 71 18 29 74 95 63 56 04 72 46 27 13 50 76 15 78 47 67 11 58 19 43 25 14 69 
68     26 41 73 75 77 61 34 35 68 01 03 33 51 10 94 59 32 85 28 65 79 09 66 93 97 71 18 29 74 95 63 56 04 72 46 27 13 50 76 15 78 47 67 11 58 19 43 25 14 69 
37 F   26 41 73 75 77 61 34 35 68 01 03 33 51 10 94 59 32 85 28 65 79 09 66 93 97 71 18 29 74 95 63 56 04 72 46 27 13 50 76 15 78 47 67 37 58 19 43 25 14 69 
25     26 41 73 75 77 61 34 35 68 01 03 33 51 10 94 59 32 85 28 65 79 09 66 93 97 71 18 29 74 95 63 56 04 72 46 27 13 50 76 15 78 47 67 37 58 19 43 25 14 69 
52 F   26 41 73 75 77 61 34 35 68 01 03 33 51 10 94 59 32 85 28 65 79 09 66 93 97 71 18 29 74 95 63 56 04 72 46 27 13 50 76 15 78 47 67 37 58 52 43 25 14 69 
67     26 41 73 75 77 61 34 35 68 01 03 33 51 10 94 59 32 85 28 65 79 09 66 93 97 71 18 29 74 95 63 56 04 72 46 27 13 50 76 15 78 47 67 37 58 52 43 25 14 69 
90 F   26 41 73 75 77 61 34 35 68 01 03 33 51 10 94 59 32 85 28 65 79 09 66 93 97 71 18 29 74 95 63 56 04 72 46 27 13 50 76 15 78 47 67 37 90 52 43 25 14 69 
02 F   26 41 73 75 77 61 34 35 68 01 03 33 51 10 94 59 32 85 28 65 79 09 66 93 97 71 18 29 74 95 63 56 04 72 02 27 13 50 76 15 78 47 67 37 90 52 43 25 14 69 
12 F   26 41 73 75 77 61 34 35 68 01 03 33 51 10 94 59 32 85 28 65 79 12 66 93 97 71 18 29 74 95 63 56 04 72 02 27 13 50 76 15 78 47 67 37 90 52 43 25 14 69 
63     26 41 73 75 77 61 34 35 68 01 03 33 51 10 94 59 32 85 28 65 79 12 66 93 97 71 18 29 74 95 63 56 04 72 02 27 13 50 76 15 78 47 67 37 90 52 43 25 14 69 
76     26 41 73 75 77 61 34 35 68 01 03 33 51 10 94 59 32 85 28 65 79 12 66 93 97 71 18 29 74 95 63 56 04 72 02 27 13 50 76 15 78 47 67 37 90 52 43 25 14 69 
96 F   26 41 73 75 77 61 34 35 68 01 03 33 51 10 94 59 32 85 28 65 79 12 66 93 97 71 18 29 74 95 63 56 04 72 02 27 13 50 76 15 78 47 67 37 90 52 43 25 96 69 
94     26 41 73 75 77 61 34 35 68 01 03 33 51 10 94 59 32 85 28 65 79 12 66 93 97 71 18 29 74 95 63 56 04 72 02 27 13 50 76 15 78 47 67 37 90 52 43 25 96 69 
59     26 41 73 75 77 61 34 35 68 01 03 33 51 10 94 59 32 85 28 65 79 12 66 93 97 71 18 29 74 95 63 56 04 72 02 27 13 50 76 15 78 47 67 37 90 52 43 25 96 69 
98 F   98 41 73 75 77 61 34 35 68 01 03 33 51 10 94 59 32 85 28 65 79 12 66 93 97 71 18 29 74 95 63 56 04 72 02 27 13 50 76 15 78 47 67 37 90 52 43 25 96 69 
79     98 41 73 75 77 61 34 35 68 01 03 33 51 10 94 59 32 85 28 65 79 12 66 93 97 71 18 29 74 95 63 56 04 72 02 27 13 50 76 15 78 47 67 37 90 52 43 25 96 69 
22 F   98 41 73 22 77 61 34 35 68 01 03 33 51 10 94 59 32 85 28 65 79 12 66 93 97 71 18 29 74 95 63 56 04 72 02 27 13 50 76 15 78 47 67 37 90 52 43 25 96 69 
39 F   98 41 73 22 77 61 34 35 68 01 03 33 51 10 94 59 32 85 28 65 79 12 66 93 97 71 18 29 74 95 63 56 04 72 02 27 13 50 76 15 78 47 67 37 90 52 43 25 96 39 
70 F   98 70 73 22 77 61 34 35 68 01 03 33 51 10 94 59 32 85 28 65 79 12 66 93 97 71 18 29 74 95 63 56 04 72 02 27 13 50 76 15 78 47 67 37 90 52 43 25 96 39 
28     98 70 73 22 77 61 34 35 68 01 03 33 51 10 94 59 32 85 28 65 79 12 66 93 97 71 18 29 74 95 63 56 04 72 02 27 13 50 76 15 78 47 67 37 90 52 43 25 96 39 
18     98 70 73 22 77 61 34 35 68 01 03 33 51 10 94 59 32 85 28 65 79 12 66 93 97 71 18 29 74 95 63 56 04 72 02 27 13 50 76 15 78 47 67 37 90 52 43 25 96 39 
56     98 70 73 22 77 61 34 35 68 01 03 33 51 10 94 59 32 85 28 65 79 12 66 93 97 71 18 29 74 95 63 56 04 72 02 27 13 50 76 15 78 47 67 37 90 52 43 25 96 39 
16 F   98 70 73 22 77 61 34 16 68 01 03 33 51 10 94 59 32 85 28 65 79 12 66 93 97 71 18 29 74 95 63 56 04 72 02 27 13 50 76 15 78 47 67 37 90 52 43 25 96 39 
31 F   98 70 73 22 77 61 34 16 68 01 03 33 31 10 94 59 32 85 28 65 79 12 66 93 97 71 18 29 74 95 63 56 04 72 02 27 13 50 76 15 78 47 67 37 90 52 43 25 96 39 
36 F   98 70 73 22 77 61 34 16 68 36 03 33 31 10 94 59 32 85 28 65 79 12 66 93 97 71 18 29 74 95 63 56 04 72 02 27 13 50 76 15 78 47 67 37 90 52 43 25 96 39 
84 F   98 70 73 22 77 61 34 16 68 36 84 33 31 10 94 59 32 85 28 65 79 12 66 93 97 71 18 29 74 95 63 56 04 72 02 27 13 50 76 15 78 47 67 37 90 52 43 25 96 39 
74     98 70 73 22 77 61 34 16 68 36 84 33 31 10 94 59 32 85 28 65 79 12 66 93 97 71 18 29 74 95 63 56 04 72 02 27 13 50 76 15 78 47 67 37 90 52 43 25 96 39 
19 F   98 70 73 22 77 61 34 16 68 36 84 33 31 19 94 59 32 85 28 65 79 12 66 93 97 71 18 29 74 95 63 56 04 72 02 27 13 50 76 15 78 47 67 37 90 52 43 25 96 39 
29     98 70 73 22 77 61 34 16 68 36 84 33 31 19 94 59 32 85 28 65 79 12 66 93 97 71 18 29 74 95 63 56 04 72 02 27 13 50 76 15 78 47 67 37 90 52 43 25 96 39 
46 F   98 70 73 22 77 46 34 16 68 36 84 33 31 19 94 59 32 85 28 65 79 12 66 93 97 71 18 29 74 95 63 56 04 72 02 27 13 50 76 15 78 47 67 37 90 52 43 25 96 39 
26 F   98 70 73 22 77 46 34 16 68 36 84 33 31 19 94 59 32 85 28 65 79 12 66 93 97 71 18 29 74 95 63 56 04 26 02 27 13 50 76 15 78 47 67 37 90 52 43 25 96 39 
26     98 70 73 22 77 46 34 16 68 36 84 33 31 19 94 59 32 85 28 65 79 12 66 93 97 71 18 29 74 95 63 56 04 26 02 27 13 50 76 15 78 47 67 37 90 52 43 25 96 39 
94     98 70 73 22 77 46 34 16 68 36 84 33 31 19 94 59 32 85 28 65 79 12 66 93 97 71 18 29 74 95 63 56 04 26 02 27 13 50 76 15 78 47 67 37 90 52 43 25 96 39 
41 F   98 70 73 22 77 46 34 16 68 36 84 33 31 19 94 59 32 85 28 41 79 12 66 93 97 71 18 29 74 95 63 56 04 26 02 27 13 50 76 15 78 47 67 37 90 52 43 25 96 39 
24 F   98 70 73 22 77 46 34 16 68 36 84 33 31 19 94 59 24 85 28 41 79 12 66 93 97 71 18 29 74 95 63 56 04 26 02 27 13 50 76 15 78 47 67 37 90 52 43 25 96 39 
98     98 70 73 22 77 46 34 16 68 36 84 33 31 19 94 59 24 85 28 41 79 12 66 93 97 71 18 29 74 95 63 56 04 26 02 27 13 50 76 15 78 47 67 37 90 52 43 25 96 39 
47     98 70 73 22 77 46 34 16 68 36 84 33 31 19 94 59 24 85 28 41 79 12 66 93 97 71 18 29 74 95 63 56 04 26 02 27 13 50 76 15 78 47 67 37 90 52 43 25 96 39 
99 F   98 70 73 22 77 46 34 16 68 36 84 33 31 19 94 59 24 99 28 41 79 12 66 93 97 71 18 29 74 95 63 56 04 26 02 27 13 50 76 15 78 47 67 37 90 52 43 25 96 39 
10 F   98 70 73 22 77 46 34 16 68 36 84 33 31 19 94 59 24 99 28 41 79 12 10 93 97 71 18 29 74 95 63 56 04 26 02 27 13 50 76 15 78 47 67 37 90 52 43 25 96 39 
43     98 70 73 22 77 46 34 16 68 36 84 33 31 19 94 59 24 99 28 41 79 12 10 93 97 71 18 29 74 95 63 56 04 26 02 27 13 50 76 15 78 47 67 37 90 52 43 25 96 39 
48 F   98 70 73 22 77 46 34 16 68 36 84 33 31 19 94 59 24 99 28 41 79 12 10 93 97 48 18 29 74 95 63 56 04 26 02 27 13 50 76 15 78 47 67 37 90 52 43 25 96 39 
78     98 70 73 22 77 46 34 16 68 36 84 33 31 19 94 59 24 99 28 41 79 12 10 93 97 48 18 29 74 95 63 56 04 26 02 27 13 50 76 15 78 47 67 37 90 52 43 25 96 39 
89 F   98 70 73 22 77 46 34 16 68 36 84 33 31 19 94 59 24 99 28 41 79 12 10 93 97 48 18 29 74 95 63 56 04 26 02 27 13 89 76 15 78 47 67 37 90 52 43 25 96 39 
71 F   98 70 73 22 77 46 34 16 68 36 84 33 31 19 94 59 24 99 28 41 79 12 10 93 97 48 18 29 74 71 63 56 04 26 02 27 13 89 76 15 78 47 67 37 90 52 43 25 96 39 
45 F   98 70 45 22 77 46 34 16 68 36 84 33 31 19 94 59 24 99 28 41 79 12 10 93 97 48 18 29 74 71 63 56 04 26 02 27 13 89 76 15 78 47 67 37 90 52 43 25 96 39 
55 F   98 70 45 22 77 46 34 16 68 36 84 33 31 19 94 59 24 99 28 41 79 12 10 55 97 48 18 29 74 71 63 56 04 26 02 27 13 89 76 15 78 47 67 37 90 52 43 25 96 39 
25     98 70 45 22 77 46 34 16 68 36 84 33 31 19 94 59 24 99 28 41 79 12 10 55 97 48 18 29 74 71 63 56 04 26 02 27 13 89 76 15 78 47 67 37 90 52 43 25 96 39 
75 F   98 70 45 22 77 46 34 16 68 36 84 33 31 19 94 59 24 99 28 41 79 12 10 55 97 48 18 29 74 71 63 56 04 26 02 75 13 89 76 15 78 47 67 37 90 52 43 25 96 39 
31     98 70 45 22 77 46 34 16 68 36 84 33 31 19 94 59 24 99 28 41 79 12 10 55 97 48 18 29 74 71 63 56 04 26 02 75 13 89 76 15 78 47 67 37 90 52 43 25 96 39 
04     98 70 45 22 77 46 34 16 68 36 84 33 31 19 94 59 24 99 28 41 79 12 10 55 97 48 18 29 74 71 63 56 04 26 02 75 13 89 76 15 78 47 67 37 90 52 43 25 96 39 
99     98 70 45 22 77 46 34 16 68 36 84 33 31 19 94 59 24 99 28 41 79 12 10 55 97 48 18 29 74 71 63 56 04 26 02 75 13 89 76 15 78 47 67 37 90 52 43 25 96 39 
10     98 70 45 22 77 46 34 16 68 36 84 33 31 19 94 59 24 99 28 41 79 12 10 55 97 48 18 29 74 71 63 56 04 26 02 75 13 89 76 15 78 47 67 37 90 52 43 25 96 39 
96     98 70 45 22 77 46 34 16 68 36 84 33 31 19 94 59 24 99 28 41 79 12 10 55 97 48 18 29 74 71 63 56 04 26 02 75 13 89 76 15 78 47 67 37 90 52 43 25 96 39 
99     98 70 45 22 77 46 34 16 68 36 84 33 31 19 94 59 24 99 28 41 79 12 10 55 97 48 18 29 74 71 63 56 04 26 02 75 13 89 76 15 78 47 67 37 90 52 43 25 96 39 
35 F   98 70 45 22 77 46 34 16 68 36 84 35 31 19 94 59 24 99 28 41 79 12 10 55 97 48 18 29 74 71 63 56 04 26 02 75 13 89 76 15 78 47 67 37 90 52 43 25 96 39 
63     98 70 45 22 77 46 34 16 68 36 84 35 31 19 94 59 24 99 28 41 79 12 10 55 97 48 18 29 74 71 63 56 04 26 02 75 13 89 76 15 78 47 67 37 90 52 43 25 96 39 
76     98 70 45 22 77 46 34 16 68 36 84 35 31 19 94 59 24 99 28 41 79 12 10 55 97 48 18 29 74 71 63 56 04 26 02 75 13 89 76 15 78 47 67 37 90 52 43 25 96 39 
67     98 70 45 22 77 46 34 16 68 36 84 35 31 19 94 59 24 99 28 41 79 12 10 55 97 48 18 29 74 71 63 56 04 26 02 75 13 89 76 15 78 47 67 37 90 52 43 25 96 39 
33 F   98 70 45 22 33 46 34 16 68 36 84 35 31 19 94 59 24 99 28 41 79 12 10 55 97 48 18 29 74 71 63 56 04 26 02 75 13 89 76 15 78 47 67 37 90 52 43 25 96 39 
06 F   98 70 45 22 33 46 34 16 68 36 84 35 31 19 94 59 24 99 28 41 79 12 10 55 97 48 18 29 74 71 63 56 04 26 02 75 13 89 76 06 78 47 67 37 90 52 43 25 96 39 
15 F   98 70 45 22 33 46 34 16 68 36 84 35 31 19 94 59 24 99 28 41 79 12 10 55 97 48 18 29 74 71 63 56 04 26 02 75 15 89 76 06 78 47 67 37 90 52 43 25 96 39 
79     98 70 45 22 33 46 34 16 68 36 84 35 31 19 94 59 24 99 28 41 79 12 10 55 97 48 18 29 74 71 63 56 04 26 02 75 15 89 76 06 78 47 67 37 90 52 43 25 96 39 
09 F   98 70 45 22 33 46 09 16 68 36 84 35 31 19 94 59 24 99 28 41 79 12 10 55 97 48 18 29 74 71 63 56 04 26 02 75 15 89 76 06 78 47 67 37 90 52 43 25 96 39 
24     98 70 45 22 33 46 09 16 68 36 84 35 31 19 94 59 24 99 28 41 79 12 10 55 97 48 18 29 74 71 63 56 04 26 02 75 15 89 76 06 78 47 67 37 90 52 43 25 96 39 
34 F   98 70 45 22 33 46 09 16 68 36 84 35 31 19 94 59 24 99 28 41 79 12 10 55 34 48 18 29 74 71 63 56 04 26 02 75 15 89 76 06 78 47 67 37 90 52 43 25 96 39 
94     98 70 45 22 33 46 09 16 68 36 84 35 31 19 94 59 24 99 28 41 79 12 10 55 34 48 18 29 74 71 63 56 04 26 02 75 15 89 76 06 78 47 67 37 90 52 43 25 96 39 
79     98 70 45 22 33 46 09 16 68 36 84 35 31 19 94 59 24 99 28 41 79 12 10 55 34 48 18 29 74 71 63 56 04 26 02 75 15 89 76 06 78 47 67 37 90 52 43 25 96 39 
13 F   98 70 45 22 33 46 09 16 13 36 84 35 31 19 94 59 24 99 28 41 79 12 10 55 34 48 18 29 74 71 63 56 04 26 02 75 15 89 76 06 78 47 67 37 90 52 43 25 96 39 
41     98 70 45 22 33 46 09 16 13 36 84 35 31 19 94 59 24 99 28 41 79 12 10 55 34 48 18 29 74 71 63 56 04 26 02 75 15 89 76 06 78 47 67 37 90 52 43 25 96 39 
65 F   98 70 45 22 33 46 09 16 13 36 84 35 31 19 94 59 24 99 28 41 79 12 10 55 34 48 18 29 74 71 63 56 04 26 02 75 15 89 76 06 78 47 67 65 90 52 43 25 96 39 
20 F   98 70 45 22 33 46 09 16 13 36 84 35 31 19 94 59 24 99 28 41 79 12 10 55 34 48 18 29 74 71 63 56 04 26 02 75 15 89 76 06 78 47 67 65 90 20 43 25 96 39 
04     98 70 45 22 33 46 09 16 13 36 84 35 31 19 94 59 24 99 28 41 79 12 10 55 34 48 18 29 74 71 63 56 04 26 02 75 15 89 76 06 78 47 67 65 90 20 43 25 96 39 
73 F   98 70 45 22 33 46 09 16 13 36 84 35 31 19 94 59 24 99 28 41 79 12 10 55 34 48 18 29 74 71 63 56 04 26 02 75 15 89 76 06 78 47 67 65 73 20 43 25 96 39 
77 F   98 70 45 22 33 46 09 16 13 36 84 35 31 19 94 59 24 99 28 41 79 12 10 55 34 48 18 29 74 71 63 56 04 26 77 75 15 89 76 06 78 47 67 65 73 20 43 25 96 39 
02 F   98 70 45 22 33 46 09 16 13 36 84 35 31 19 94 59 24 99 28 41 79 02 10 55 34 48 18 29 74 71 63 56 04 26 77 75 15 89 76 06 78 47 67 65 73 20 43 25 96 39 
69 F   98 70 45 22 33 46 09 16 13 36 84 35 31 19 94 69 24 99 28 41 79 02 10 55 34 48 18 29 74 71 63 56 04 26 77 75 15 89 76 06 78 47 67 65 73 20 43 25 96 39 
97 F   98 70 45 97 33 46 09 16 13 36 84 35 31 19 94 69 24 99 28 41 79 02 10 55 34 48 18 29 74 71 63 56 04 26 77 75 15 89 76 06 78 47 67 65 73 20 43 25 96 39 
29     98 70 45 97 33 46 09 16 13 36 84 35 31 19 94 69 24 99 28 41 79 02 10 55 34 48 18 29 74 71 63 56 04 26 77 75 15 89 76 06 78 47 67 65 73 20 43 25 96 39 
18     98 70 45 97 33 46 09 16 13 36 84 35 31 19 94 69 24 99 28 41 79 02 10 55 34 48 18 29 74 71 63 56 04 26 77 75 15 89 76 06 78 47 67 65 73 20 43 25 96 39 
06     98 70 45 97 33 46 09 16 13 36 84 35 31 19 94 69 24 99 28 41 79 02 10 55 34 48 18 29 74 71 63 56 04 26 77 75 15 89 76 06 78 47 67 65 73 20 43 25 96 39 
48     98 70 45 97 33 46 09 16 13 36 84 35 31 19 94 69 24 99 28 41 79 02 10 55 34 48 18 29 74 71 63 56 04 26 77 75 15 89 76 06 78 47 67 65 73 20 43 25 96 39 
80 F   98 70 45 97 33 46 09 16 13 36 84 35 31 19 94 69 24 99 28 41 79 02 10 55 34 48 18 29 74 71 63 56 04 26 77 75 15 89 76 06 78 47 67 65 73 20 43 25 96 80 
54 F   98 54 45 97 33 46 09 16 13 36 84 35 31 19 94 69 24 99 28 41 79 02 10 55 34 48 18 29 74 71 63 56 04 26 77 75 15 89 76 06 78 47 67 65 73 20 43 25 96 80 
83 F   98 54 45 97 33 46 09 16 13 36 84 35 31 19 94 69 24 99 83 41 79 02 10 55 34 48 18 29 74 71 63 56 04 26 77 75 15 89 76 06 78 47 67 65 73 20 43 25 96 80 
28 F   98 54 45 97 33 46 09 16 13 36 84 35 31 19 94 69 24 99 83 41 79 02 10 55 34 48 18 29 74 71 63 28 04 26 77 75 15 89 76 06 78 47 67 65 73 20 43 25 96 80 
86 F   98 54 45 97 33 46 09 86 13 36 84 35 31 19 94 69 24 99 83 41 79 02 10 55 34 48 18 29 74 71 63 28 04 26 77 75 15 89 76 06 78 47 67 65 73 20 43 25 96 80 
66 F   98 54 45 97 33 46 09 86 13 66 84 35 31 19 94 69 24 99 83 41 79 02 10 55 34 48 18 29 74 71 63 28 04 26 77 75 15 89 76 06 78 47 67 65 73 20 43 25 96 80 
10     98 54 45 97 33 46 09 86 13 66 84 35 31 19 94 69 24 99 83 41 79 02 10 55 34 48 18 29 74 71 63 28 04 26 77 75 15 89 76 06 78 47 67 65 73 20 43 25 96 80 
73     98 54 45 97 33 46 09 86 13 66 84 35 31 19 94 69 24 99 83 41 79 02 10 55 34 48 18 29 74 71 63 28 04 26 77 75 15 89 76 06 78 47 67 65 73 20 43 25 96 80 
72 F   98 54 45 97 33 46 09 86 13 66 72 35 31 19 94 69 24 99 83 41 79 02 10 55 34 48 18 29 74 71 63 28 04 26 77 75 15 89 76 06 78 47 67 65 73 20 43 25 96 80 
23 F   98 54 45 97 33 46 09 86 13 66 72 35 31 19 94 69 24 99 83 41 79 02 10 55 34 48 18 29 23 71 63 28 04 26 77 75 15 89 76 06 78 47 67 65 73 20 43 25 96 80 
38 F   98 54 45 97 33 46 09 86 13 66 72 35 31 38 94 69 24 99 83 41 79 02 10 55 34 48 18 29 23 71 63 28 04 26 77 75 15 89 76 06 78 47 67 65 73 20 43 25 96 80 
72     98 54 45 97 33 46 09 86 13 66 72 35 31 38 94 69 24 99 83 41 79 02 10 55 34 48 18 29 23 71 63 28 04 26 77 75 15 89 76 06 78 47 67 65 73 20 43 25 96 80 
81 F   98 54 45 97 33 81 09 86 13 66 72 35 31 38 94 69 24 99 83 41 79 02 10 55 34 48 18 29 23 71 63 28 04 26 77 75 15 89 76 06 78 47 67 65 73 20 43 25 96 80 
60 F   98 54 45 97 33 81 09 86 13 66 72 35 31 38 94 69 24 99 83 41 79 02 10 55 34 48 18 29 23 71 63 28 04 60 77 75 15 89 76 06 78 47 67 65 73 20 43 25 96 80 
29     98 54 45 97 33 81 09 86 13 66 72 35 31 38 94 69 24 99 83 41 79 02 10 55 34 48 18 29 23 71 63 28 04 60 77 75 15 89 76 06 78 47 67 65 73 20 43 25 96 80 
77     98 54 45 97 33 81 09 86 13 66 72 35 31 38 94 69 24 99 83 41 79 02 10 55 34 48 18 29 23 71 63 28 04 60 77 75 15 89 76 06 78 47 67 65 73 20 43 25 96 80 
72     98 54 45 97 33 81 09 86 13 66 72 35 31 38 94 69 24 99 83 41 79 02 10 55 34 48 18 29 23 71 63 28 04 60 77 75 15 89 76 06 78 47 67 65 73 20 43 25 96 80 
91 F   91 54 45 97 33 81 09 86 13 66 72 35 31 38 94 69 24 99 83 41 79 02 10 55 34 48 18 29 23 71 63 28 04 60 77 75 15 89 76 06 78 47 67 65 73 20 43 25 96 80 
47     91 54 45 97 33 81 09 86 13 66 72 35 31 38 94 69 24 99 83 41 79 02 10 55 34 48 18 29 23 71 63 28 04 60 77 75 15 89 76 06 78 47 67 65 73 20 43 25 96 80 
69     91 54 45 97 33 81 09 86 13 66 72 35 31 38 94 69 24 99 83 41 79 02 10 55 34 48 18 29 23 71 63 28 04 60 77 75 15 89 76 06 78 47 67 65 73 20 43 25 96 80 
87 F   91 54 45 97 33 81 09 86 13 66 72 35 31 38 94 69 24 99 83 41 79 02 10 55 34 48 18 29 23 71 63 28 04 60 77 75 15 89 76 06 78 47 67 65 73 20 87 25 96 80 
16 F   91 54 45 97 33 81 09 86 13 66 72 35 31 38 94 69 24 99 83 41 79 02 10 55 34 48 18 29 23 71 63 28 04 60 77 75 15 89 76 06 16 47 67 65 73 20 87 25 96 80 
45     91 54 45 97 33 81 09 86 13 66 72 35 31 38 94 69 24 99 83 41 79 02 10 55 34 48 18 29 23 71 63 28 04 60 77 75 15 89 76 06 16 47 67 65 73 20 87 25 96 80 
78 F   91 54 45 97 33 81 09 86 13 66 72 35 31 38 94 69 24 99 83 41 79 02 10 55 34 48 18 29 23 71 63 28 04 60 77 75 15 78 76 06 16 47 67 65 73 20 87 25 96 80 
70 F   91 54 45 97 33 81 09 86 13 66 72 35 31 38 94 69 24 99 83 41 79 02 10 55 34 48 18 29 23 70 63 28 04 60 77 75 15 78 76 06 16 47 67 65 73 20 87 25 96 80 
63     91 54 45 97 33 81 09 86 13 66 72 35 31 38 94 69 24 99 83 41 79 02 10 55 34 48 18 29 23 70 63 28 04 60 77 75 15 78 76 06 16 47 67 65 73 20 87 25 96 80 
40 F   91 54 45 97 33 81 09 86 13 66 72 35 31 38 94 69 24 99 83 41 79 02 10 40 34 48 18 29 23 70 63 28 04 60 77 75 15 78 76 06 16 47 67 65 73 20 87 25 96 80 
17 F   91 54 45 97 33 81 09 86 13 66 72 35 31 38 94 69 24 99 83 41 79 02 10 40 34 48 18 29 23 70 63 28 04 60 77 75 15 78 76 06 16 47 67 65 73 20 87 17 96 80 
84 F   91 54 45 97 33 81 09 86 13 66 72 35 31 38 94 69 24 99 83 41 79 02 10 40 34 48 18 29 23 70 63 28 04 60 77 84 15 78 76 06 16 47 67 65 73 20 87 17 96 80 
30 F   91 54 45 97 33 81 09 86 13 66 72 35 30 38 94 69 24 99 83 41 79 02 10 40 34 48 18 29 23 70 63 28 04 60 77 84 15 78 76 06 16 47 67 65 73 20 87 17 96 80 
20     91 54 45 97 33 81 09 86 13 66 72 35 30 38 94 69 24 99 83 41 79 02 10 40 34 48 18 29 23 70 63 28 04 60 77 84 15 78 76 06 16 47 67 65 73 20 87 17 96 80 
42 F   91 54 45 97 33 81 09 86 13 66 72 35 30 38 94 69 24 99 83 41 79 02 10 40 34 48 18 29 23 70 63 28 04 60 77 84 15 78 76 06 16 47 67 65 73 20 87 17 42 80 
36 F   91 54 45 97 33 81 09 86 13 66 72 35 30 38 94 69 24 36 83 41 79 02 10 40 34 48 18 29 23 70 63 28 04 60 77 84 15 78 76 06 16 47 67 65 73 20 87 17 42 80 
19 F   91 54 45 97 33 81 09 86 13 66 72 19 30 38 94 69 24 36 83 41 79 02 10 40 34 48 18 29 23 70 63 28 04 60 77 84 15 78 76 06 16 47 67 65 73 20 87 17 42 80 
49 F   91 54 45 97 33 81 09 86 13 66 72 19 30 38 94 69 24 36 83 41 79 02 10 40 34 48 18 29 23 70 63 28 04 60 77 84 15 78 49 06 16 47 67 65 73 20 87 17 42 80 
38     91 54 45 97 33 81 09 86 13 66 72 19 30 38 94 69 24 36 83 41 79 02 10 40 34 48 18 29 23 70 63 28 04 60 77 84 15 78 49 06 16 47 67 65 73 20 87 17 42 80 
24     91 54 45 97 33 81 09 86 13 66 72 19 30 38 94 69 24 36 83 41 79 02 10 40 34 48 18 29 23 70 63 28 04 60 77 84 15 78 49 06 16 47 67 65 73 20 87 17 42 80 
70     91 54 45 97 33 81 09 86 13 66 72 19 30 38 94 69 24 36 83 41 79 02 10 40 34 48 18 29 23 70 63 28 04 60 77 84 15 78 49 06 16 47 67 65 73 20 87 17 42 80 
26 F   91 54 45 97 33 81 09 86 13 66 72 19 30 38 94 69 24 36 83 41 79 02 10 40 34 48 18 29 23 70 63 28 04 60 77 84 15 78 49 06 16 47 26 65 73 20 87 17 42 80 
10     91 54 45 97 33 81 09 86 13 66 72 19 30 38 94 69 24 36 83 41 79 02 10 40 34 48 18 29 23 70 63 28 04 60 77 84 15 78 49 06 16 47 26 65 73 20 87 17 42 80 
02     91 54 45 97 33 81 09 86 13 66 72 19 30 38 94 69 24 36 83 41 79 02 10 40 34 48 18 29 23 70 63 28 04 60 77 84 15 78 49 06 16 47 26 65 73 20 87 17 42 80 
18     91 54 45 97 33 81 09 86 13 66 72 19 30 38 94 69 24 36 83 41 79 02 10 40 34 48 18 29 23 70 63 28 04 60 77 84 15 78 49 06 16 47 26 65 73 20 87 17 42 80 
86     91 54 45 97 33 81 09 86 13 66 72 19 30 38 94 69 24 36 83 41 79 02 10 40 34 48 18 29 23 70 63 28 04 60 77 84 15 78 49 06 16 47 26 65 73 20 87 17 42 80 
68 F   91 54 45 97 68 81 09 86 13 66 72 19 30 38 94 69 24 36 83 41 79 02 10 40 34 48 18 29 23 70 63 28 04 60 77 84 15 78 49 06 16 47 26 65 73 20 87 17 42 80 
36     91 54 45 97 68 81 09 86 13 66 72 19 30 38 94 69 24 36 83 41 79 02 10 40 34 48 18 29 23 70 63 28 04 60 77 84 15 78 49 06 16 47 26 65 73 20 87 17 42 80 
29     91 54 45 97 68 81 09 86 13 66 72 19 30 38 94 69 24 36 83 41 79 02 10 40 34 48 18 29 23 70 63 28 04 60 77 84 15 78 49 06 16 47 26 65 73 20 87 17 42 80 
95 F   91 54 45 97 68 81 09 86 13 66 72 19 30 38 94 69 24 36 83 41 79 02 10 40 34 48 18 29 23 70 63 28 04 60 77 84 95 78 49 06 16 47 26 65 73 20 87 17 42 80 
94     91 54 45 97 68 81 09 86 13 66 72 19 30 38 94 69 24 36 83 41 79 02 10 40 34 48 18 29 23 70 63 28 04 60 77 84 95 78 49 06 16 47 26 65 73 20 87 17 42 80 
12 F   91 54 45 97 68 81 12 86 13 66 72 19 30 38 94 69 24 36 83 41 79 02 10 40 34 48 18 29 23 70 63 28 04 60 77 84 95 78 49 06 16 47 26 65 73 20 87 17 42 80 
15 F   91 54 45 97 68 81 12 86 13 66 72 19 30 38 94 69 24 36 83 41 79 02 10 40 15 48 18 29 23 70 63 28 04 60 77 84 95 78 49 06 16 47 26 65 73 20 87 17 42 80 
69     91 54 45 97 68 81 12 86 13 66 72 19 30 38 94 69 24 36 83 41 79 02 10 40 15 48 18 29 23 70 63 28 04 60 77 84 95 78 49 06 16 47 26 65 73 20 87 17 42 80 
78     91 54 45 97 68 81 12 86 13 66 72 19 30 38 94 69 24 36 83 41 79 02 10 40 15 48 18 29 23 70 63 28 04 60 77 84 95 78 49 06 16 47 26 65 73 20 87 17 42 80 
60     91 54 45 97 68 81 12 86 13 66 72 19 30 38 94 69 24 36 83 41 79 02 10 40 15 48 18 29 23 70 63 28 04 60 77 84 95 78 49 06 16 47 26 65 73 20 87 17 42 80 
06     91 54 45 97 68 81 12 86 13 66 72 19 30 38 94 69 24 36 83 41 79 02 10 40 15 48 18 29 23 70 63 28 04 60 77 84 95 78 49 06 16 47 26 65 73 20 87 17 42 80 
96 F   91 54 45 97 68 81 12 86 13 66 72 19 30 38 94 69 24 36 83 41 96 02 10 40 15 48 18 29 23 70 63 28 04 60 77 84 95 78 49 06 16 47 26 65 73 20 87 17 42 80 
65     91 54 45 97 68 81 12 86 13 66 72 19 30 38 94 69 24 36 83 41 96 02 10 40 15 48 18 29 23 70 63 28 04 60 77 84 95 78 49 06 16 47 26 65 73 20 87 17 42 80 
13     91 54 45 97 68 81 12 86 13 66 72 19 30 38 94 69 24 36 83 41 96 02 10 40 15 48 18 29 23 70 63 28 04 60 77 84 95 78 49 06 16 47 26 65 73 20 87 17 42 80 
63     91 54 45 97 68 81 12 86 13 66 72 19 30 38 94 69 24 36 83 41 96 02 10 40 15 48 18 29 23 70 63 28 04 60 77 84 95 78 49 06 16 47 26 65 73 20 87 17 42 80 
72     91 54 45 97 68 81 12 86 13 66 72 19 30 38 94 69 24 36 83 41 96 02 10 40 15 48 18 29 23 70 63 28 04 60 77 84 95 78 49 06 16 47 26 65 73 20 87 17 42 80 
25 F   91 54 45 97 68 81 12 86 13 66 72 19 30 38 94 69 24 36 83 25 96 02 10 40 15 48 18 29 23 70 63 28 04 60 77 84 95 78 49 06 16 47 26 65 73 20 87 17 42 80 
97     91 54 45 97 68 81 12 86 13 66 72 19 30 38 94 69 24 36 83 25 96 02 10 40 15 48 18 29 23 70 63 28 04 60 77 84 95 78 49 06 16 47 26 65 73 20 87 17 42 80 
52 F   91 54 45 97 68 81 12 86 13 66 72 19 30 38 94 69 24 36 83 25 96 02 10 40 15 48 18 29 23 70 63 28 52 60 77 84 95 78 49 06 16 47 26 65 73 20 87 17 42 80 
95     91 54 45 97 68 81 12 86 13 66 72 19 30 38 94 69 24 36 83 25 96 02 10 40 15 48 18 29 23 70 63 28 52 60 77 84 95 78 49 06 16 47 26 65 73 20 87 17 42 80 
98 F   91 54 45 97 68 81 12 86 13 66 72 19 30 38 94 69 24 36 83 25 96 02 10 40 15 98 18 29 23 70 63 28 52 60 77 84 95 78 49 06 16 47 26 65 73 20 87 17 42 80 
78     91 54 45 97 68 81 12 86 13 66 72 19 30 38 94 69 24 36 83 25 96 02 10 40 15 98 18 29 23 70 63 28 52 60 77 84 95 78 49 06 16 47 26 65 73 20 87 17 42 80 
65     91 54 45 97 68 81 12 86 13 66 72 19 30 38 94 69 24 36 83 25 96 02 10 40 15 98 18 29 23 70 63 28 52 60 77 84 95 78 49 06 16 47 26 65 73 20 87 17 42 80 
53 F   91 54 45 97 68 81 12 86 13 66 72 19 30 38 94 69 24 36 83 25 96 02 10 40 15 98 18 29 23 70 63 28 52 60 77 84 95 78 49 06 16 47 26 65 73 20 87 17 42 53 
99 F   91 99 45 97 68 81 12 86 13 66 72 19 30 38 94 69 24 36 83 25 96 02 10 40 15 98 18 29 23 70 63 28 52 60 77 84 95 78 49 06 16 47 26 65 73 20 87 17 42 53 
92 F   91 99 45 97 68 81 12 86 13 66 72 19 30 38 94 69 24 36 92 25 96 02 10 40 15 98 18 29 23 70 63 28 52 60 77 84 95 78 49 06 16 47 26 65 73 20 87 17 42 53 
18     91 99 45 97 68 81 12 86 13 66 72 19 30 38 94 69 24 36 92 25 96 02 10 40 15 98 18 29 23 70 63 28 52 60 77 84 95 78 49 06 16 47 26 65 73 20 87 17 42 53 
67 F   91 99 45 97 68 81 12 86 13 66 72 19 30 38 94 69 24 36 92 25 96 02 10 40 15 98 18 29 23 70 63 67 52 60 77 84 95 78 49 06 16 47 26 65 73 20 87 17 42 53 
26     91 99 45 97 68 81 12 86 13 66 72 19 30 38 94 69 24 36 92 25 96 02 10 40 15 98 18 29 23 70 63 67 52 60 77 84 95 78 49 06 16 47 26 65 73 20 87 17 42 53 
10     91 99 45 97 68 81 12 86 13 66 72 19 30 38 94 69 24 36 92 25 96 02 10 40 15 98 18 29 23 70 63 67 52 60 77 84 95 78 49 06 16 47 26 65 73 20 87 17 42 53 
68     91 99 45 97 68 81 12 86 13 66 72 19 30 38 94 69 24 36 92 25 96 02 10 40 15 98 18 29 23 70 63 67 52 60 77 84 95 78 49 06 16 47 26 65 73 20 87 17 42 53 
77     91 99 45 97 68 81 12 86 13 66 72 19 30 38 94 69 24 36 92 25 96 02 10 40 15 98 18 29 23 70 63 67 52 60 77 84 95 78 49 06 16 47 26 65 73 20 87 17 42 53 
53     91 99 45 97 68 81 12 86 13 66 72 19 30 38 94 69 24 36 92 25 96 02 10 40 15 98 18 29 23 70 63 67 52 60 77 84 95 78 49 06 16 47 26 65 73 20 87 17 42 53 
38     91 99 45 97 68 81 12 86 13 66 72 19 30 38 94 69 24 36 92 25 96 02 10 40 15 98 18 29 23 70 63 67 52 60 77 84 95 78 49 06 16 47 26 65 73 20 87 17 42 53 
36     91 99 45 97 68 81 12 86 13 66 72 19 30 38 94 69 24 36 92 25 96 02 10 40 15 98 18 29 23 70 63 67 52 60 77 84 95 78 49 06 16 47 26 65 73 20 87 17 42 53 
94     91 99 45 97 68 81 12 86 13 66 72 19 30 38 94 69 24 36 92 25 96 02 10 40 15 98 18 29 23 70 63 67 52 60 77 84 95 78 49 06 16 47 26 65 73 20 87 17 42 53 
36     91 99 45 97 68 81 12 86 13 66 72 19 30 38 94 69 24 36 92 25 96 02 10 40 15 98 18 29 23 70 63 67 52 60 77 84 95 78 49 06 16 47 26 65 73 20 87 17 42 53 
67     91 99 45 97 68 81 12 86 13 66 72 19 30 38 94 69 24 36 92 25 96 02 10 40 15 98 18 29 23 70 63 67 52 60 77 84 95 78 49 06 16 47 26 65 73 20 87 17 42 53 
27 F   91 99 45 97 68 81 12 86 13 27 72 19 30 38 94 69 24 36 92 25 96 02 10 40 15 98 18 29 23 70 63 67 52 60 77 84 95 78 49 06 16 47 26 65 73 20 87 17 42 53 
07 F   91 99 45 97 68 81 12 86 13 27 72 19 30 38 94 69 24 36 92 25 96 02 10 40 15 98 18 29 23 70 63 67 52 60 77 84 95 78 49 06 16 47 26 65 07 20 87 17 42 53 
87     91 99 45 97 68 81 12 86 13 27 72 19 30 38 94 69 24 36 92 25 96 02 10 40 15 98 18 29 23 70 63 67 52 60 77 84 95 78 49 06 16 47 26 65 07 20 87 17 42 53 
57 F   91 99 45 97 68 81 12 86 13 27 72 19 30 38 94 69 24 36 92 25 96 02 10 40 15 98 18 29 57 70 63 67 52 60 77 84 95 78 49 06 16 47 26 65 07 20 87 17 42 53 
90 F   91 99 45 97 68 90 12 86 13 27 72 19 30 38 94 69 24 36 92 25 96 02 10 40 15 98 18 29 57 70 63 67 52 60 77 84 95 78 49 06 16 47 26 65 07 20 87 17 42 53 
77     91 99 45 97 68 90 12 86 13 27 72 19 30 38 94 69 24 36 92 25 96 02 10 40 15 98 18 29 57 70 63 67 52 60 77 84 95 78 49 06 16 47 26 65 07 20 87 17 42 53 
41 F   41 99 45 97 68 90 12 86 13 27 72 19 30 38 94 69 24 36 92 25 96 02 10 40 15 98 18 29 57 70 63 67 52 60 77 84 95 78 49 06 16 47 26 65 07 20 87 17 42 53 
68     41 99 45 97 68 90 12 86 13 27 72 19 30 38 94 69 24 36 92 25 96 02 10 40 15 98 18 29 57 70 63 67 52 60 77 84 95 78 49 06 16 47 26 65 07 20 87 17 42 53 
31 F   41 99 45 97 68 90 12 86 13 27 72 19 30 38 94 69 24 36 92 25 96 02 10 40 15 98 18 29 57 70 63 67 52 60 77 84 95 78 49 06 16 31 26 65 07 20 87 17 42 53 
94     41 99 45 97 68 90 12 86 13 27 72 19 30 38 94 69 24 36 92 25 96 02 10 40 15 98 18 29 57 70 63 67 52 60 77 84 95 78 49 06 16 31 26 65 07 20 87 17 42 53 
93 F   41 99 45 97 68 90 12 86 13 27 72 19 30 38 94 69 24 36 92 25 96 02 10 40 15 98 18 29 57 70 63 67 52 60 77 84 95 78 49 06 93 31 26 65 07 20 87 17 42 53 
14 F   41 99 14 97 68 90 12 86 13 27 72 19 30 38 94 69 24 36 92 25 96 02 10 40 15 98 18 29 57 70 63 67 52 60 77 84 95 78 49 06 93 31 26 65 07 20 87 17 42 53 
53     41 99 14 97 68 90 12 86 13 27 72 19 30 38 94 69 24 36 92 25 96 02 10 40 15 98 18 29 57 70 63 67 52 60 77 84 95 78 49 06 93 31 26 65 07 20 87 17 42 53 
47 F   41 99 14 97 68 90 12 86 13 27 72 19 30 38 94 69 24 36 92 25 96 02 10 47 15 98 18 29 57 70 63 67 52 60 77 84 95 78 49 06 93 31 26 65 07 20 87 17 42 53 
10     41 99 14 97 68 90 12 86 13 27 72 19 30 38 94 69 24 36 92 25 96 02 10 47 15 98 18 29 57 70 63 67 52 60 77 84 95 78 49 06 93 31 26 65 07 20 87 17 42 53 
62 F   41 99 14 97 68 90 12 86 13 27 72 19 30 38 94 69 24 36 92 25 96 02 10 47 15 98 18 29 57 70 63 67 52 60 77 84 95 78 49 06 93 31 26 65 07 20 87 62 42 53 
81 F   41 99 14 97 68 90 12 86 13 27 72 19 30 38 94 69 24 36 92 25 96 02 10 47 15 98 18 29 57 70 63 67 52 60 77 81 95 78 49 06 93 31 26 65 07 20 87 62 42 53 
55 F   41 99 14 97 68 90 12 86 13 27 72 19 55 38 94 69 24 36 92 25 96 02 10 47 15 98 18 29 57 70 63 67 52 60 77 81 95 78 49 06 93 31 26 65 07 20 87 62 42 53 
81     41 99 14 97 68 90 12 86 13 27 72 19 55 38 94 69 24 36 92 25 96 02 10 47 15 98 18 29 57 70 63 67 52 60 77 81 95 78 49 06 93 31 26 65 07 20 87 62 42 53 
98     41 99 14 97 68 90 12 86 13 27 72 19 55 38 94 69 24 36 92 25 96 02 10 47 15 98 18 29 57 70 63 67 52 60 77 81 95 78 49 06 93 31 26 65 07 20 87 62 42 53 
57     41 99 14 97 68 90 12 86 13 27 72 19 55 38 94 69 24 36 92 25 96 02 10 47 15 98 18 29 57 70 63 67 52 60 77 81 95 78 49 06 93 31 26 65 07 20 87 62 42 53 
19     41 99 14 97 68 90 12 86 13 27 72 19 55 38 94 69 24 36 92 25 96 02 10 47 15 98 18 29 57 70 63 67 52 60 77 81 95 78 49 06 93 31 26 65 07 20 87 62 42 53 
39 F   41 99 14 97 68 90 12 86 13 27 72 19 55 38 94 69 24 36 92 25 96 02 10 47 15 98 18 29 57 70 63 67 52 60 77 81 95 78 49 06 93 31 26 65 07 39 87 62 42 53 
07     41 99 14 97 68 90 12 86 13 27 72 19 55 38 94 69 24 36 92 25 96 02 10 47 15 98 18 29 57 70 63 67 52 60 77 81 95 78 49 06 93 31 26 65 07 39 87 62 42 53 
60     41 99 14 97 68 90 12 86 13 27 72 19 55 38 94 69 24 36 92 25 96 02 10 47 15 98 18 29 57 70 63 67 52 60 77 81 95 78 49 06 93 31 26 65 07 39 87 62 42 53 
65     41 99 14 97 68 90 12 86 13 27 72 19 55 38 94 69 24 36 92 25 96 02 10 47 15 98 18 29 57 70 63 67 52 60 77 81 95 78 49 06 93 31 26 65 07 39 87 62 42 53 
09 F   41 99 14 97 68 90 12 86 13 27 72 19 55 38 94 69 24 36 92 25 96 02 10 47 15 98 18 29 57 70 63 67 52 60 77 81 95 78 49 06 93 31 26 65 07 39 87 62 09 53 
76 F   41 99 14 97 68 90 12 86 13 27 72 19 55 38 94 69 24 36 92 25 96 02 10 47 15 98 18 29 57 70 63 67 52 60 77 81 95 78 76 06 93 31 26 65 07 39 87 62 09 53 
93     41 99 14 97 68 90 12 86 13 27 72 19 55 38 94 69 24 36 92 25 96 02 10 47 15 98 18 29 57 70 63 67 52 60 77 81 95 78 76 06 93 31 26 65 07 39 87 62 09 53 
87     41 99 14 97 68 90 12 86 13 27 72 19 55 38 94 69 24 36 92 25 96 02 10 47 15 98 18 29 57 70 63 67 52 60 77 81 95 78 76 06 93 31 26 65 07 39 87 62 09 53 
27     41 99 14 97 68 90 12 86 13 27 72 19 55 38 94 69 24 36 92 25 96 02 10 47 15 98 18 29 57 70 63 67 52 60 77 81 95 78 76 06 93 31 26 65 07 39 87 62 09 53 
67     41 99 14 97 68 90 12 86 13 27 72 19 55 38 94 69 24 36 92 25 96 02 10 47 15 98 18 29 57 70 63 67 52 60 77 81 95 78 76 06 93 31 26 65 07 39 87 62 09 53 
90     41 99 14 97 68 90 12 86 13 27 72 19 55 38 94 69 24 36 92 25 96 02 10 47 15 98 18 29 57 70 63 67 52 60 77 81 95 78 76 06 93 31 26 65 07 39 87 62 09 53 
46 F   41 99 14 97 68 90 12 86 13 27 72 19 55 38 94 69 46 36 92 25 96 02 10 47 15 98 18 29 57 70 63 67 52 60 77 81 95 78 76 06 93 31 26 65 07 39 87 62 09 53 
11 F   41 99 14 97 68 90 12 86 13 27 72 19 55 38 94 69 46 36 92 25 96 02 10 47 15 98 18 29 57 11 63 67 52 60 77 81 95 78 76 06 93 31 26 65 07 39 87 62 09 53 
17 F   41 99 14 97 68 90 12 86 13 27 72 19 55 38 94 69 46 36 92 25 96 17 10 47 15 98 18 29 57 11 63 67 52 60 77 81 95 78 76 06 93 31 26 65 07 39 87 62 09 53 
70 F   41 99 14 97 68 90 12 70 13 27 72 19 55 38 94 69 46 36 92 25 96 17 10 47 15 98 18 29 57 11 63 67 52 60 77 81 95 78 76 06 93 31 26 65 07 39 87 62 09 53 
06     41 99 14 97 68 90 12 70 13 27 72 19 55 38 94 69 46 36 92 25 96 17 10 47 15 98 18 29 57 11 63 67 52 60 77 81 95 78 76 06 93 31 26 65 07 39 87 62 09 53 
19     41 99 14 97 68 90 12 70 13 27 72 19 55 38 94 69 46 36 92 25 96 17 10 47 15 98 18 29 57 11 63 67 52 60 77 81 95 78 76 06 93 31 26 65 07 39 87 62 09 53 
29     41 99 14 97 68 90 12 70 13 27 72 19 55 38 94 69 46 36 92 25 96 17 10 47 15 98 18 29 57 11 63 67 52 60 77 81 95 78 76 06 93 31 26 65 07 39 87 62 09 53 
06     41 99 14 97 68 90 12 70 13 27 72 19 55 38 94 69 46 36 92 25 96 17 10 47 15 98 18 29 57 11 63 67 52 60 77 81 95 78 76 06 93 31 26 65 07 39 87 62 09 53 
08 F   41 99 14 97 68 90 08 70 13 27 72 19 55 38 94 69 46 36 92 25 96 17 10 47 15 98 18 29 57 11 63 67 52 60 77 81 95 78 76 06 93 31 26 65 07 39 87 62 09 53 
38     41 99 14 97 68 90 08 70 13 27 72 19 55 38 94 69 46 36 92 25 96 17 10 47 15 98 18 29 57 11 63 67 52 60 77 81 95 78 76 06 93 31 26 65 07 39 87 62 09 53 
21 F   41 99 14 97 68 90 08 70 13 27 72 19 55 38 94 69 46 36 92 25 96 17 10 47 21 98 18 29 57 11 63 67 52 60 77 81 95 78 76 06 93 31 26 65 07 39 87 62 09 53 
25     41 99 14 97 68 90 08 70 13 27 72 19 55 38 94 69 46 36 92 25 96 17 10 47 21 98 18 29 57 11 63 67 52 60 77 81 95 78 76 06 93 31 26 65 07 39 87 62 09 53 
53     41 99 14 97 68 90 08 70 13 27 72 19 55 38 94 69 46 36 92 25 96 17 10 47 21 98 18 29 57 11 63 67 52 60 77 81 95 78 76 06 93 31 26 65 07 39 87 62 09 53 
57     41 99 14 97 68 90 08 70 13 27 72 19 55 38 94 69 46 36 92 25 96 17 10 47 21 98 18 29 57 11 63 67 52 60 77 81 95 78 76 06 93 31 26 65 07 39 87 62 09 53 
33 F   41 99 14 97 68 90 08 70 13 27 72 19 55 38 94 33 46 36 92 25 96 17 10 47 21 98 18 29 57 11 63 67 52 60 77 81 95 78 76 06 93 31 26 65 07 39 87 62 09 53 
30 F   41 99 14 97 68 90 08 70 13 27 72 19 55 38 94 33 46 36 92 25 30 17 10 47 21 98 18 29 57 11 63 67 52 60 77 81 95 78 76 06 93 31 26 65 07 39 87 62 09 53 
80 F   41 99 14 97 68 90 08 70 80 27 72 19 55 38 94 33 46 36 92 25 30 17 10 47 21 98 18 29 57 11 63 67 52 60 77 81 95 78 76 06 93 31 26 65 07 39 87 62 09 53 
31     41 99 14 97 68 90 08 70 80 27 72 19 55 38 94 33 46 36 92 25 30 17 10 47 21 98 18 29 57 11 63 67 52 60 77 81 95 78 76 06 93 31 26 65 07 39 87 62 09 53 
82 F   41 99 14 97 68 90 08 70 80 27 72 19 55 38 94 33 46 36 92 25 30 17 10 47 21 98 18 29 57 11 82 67 52 60 77 81 95 78 76 06 93 31 26 65 07 39 87 62 09 53 
32 F   41 99 14 97 68 90 08 70 80 27 32 19 55 38 94 33 46 36 92 25 30 17 10 47 21 98 18 29 57 11 82 67 52 60 77 81 95 78 76 06 93 31 26 65 07 39 87 62 09 53 
95     41 99 14 97 68 90 08 70 80 27 32 19 55 38 94 33 46 36 92 25 30 17 10 47 21 98 18 29 57 11 82 67 52 60 77 81 95 78 76 06 93 31 26 65 07 39 87 62 09 53 
26     41 99 14 97 68 90 08 70 80 27 32 19 55 38 94 33 46 36 92 25 30 17 10 47 21 98 18 29 57 11 82 67 52 60 77 81 95 78 76 06 93 31 26 65 07 39 87 62 09 53 
40 F   41 99 14 40 68 90 08 70 80 27 32 19 55 38 94 33 46 36 92 25 30 17 10 47 21 98 18 29 57 11 82 67 52 60 77 81 95 78 76 06 93 31 26 65 07 39 87 62 09 53 
84 F   41 99 14 40 68 90 08 70 80 27 32 19 55 38 94 33 46 36 92 25 30 17 10 47 21 98 18 29 57 11 82 67 84 60 77 81 95 78 76 06 93 31 26 65 07 39 87 62 09 53 
45 F   41 99 14 40 68 90 08 70 80 27 32 19 55 38 94 33 46 36 92 25 30 17 10 47 21 98 18 29 57 11 82 67 84 60 77 81 95 45 76 06 93 31 26 65 07 39 87 62 09 53 
20 F   41 20 14 40 68 90 08 70 80 27 32 19 55 38 94 33 46 36 92 25 30 17 10 47 21 98 18 29 57 11 82 67 84 60 77 81 95 45 76 06 93 31 26 65 07 39 87 62 09 53 
32     41 20 14 40 68 90 08 70 80 27 32 19 55 38 94 33 46 36 92 25 30 17 10 47 21 98 18 29 57 11 82 67 84 60 77 81 95 45 76 06 93 31 26 65 07 39 87 62 09 53 
34 F   41 20 14 40 68 90 08 70 80 27 32 19 55 38 94 33 46 36 34 25 30 17 10 47 21 98 18 29 57 11 82 67 84 60 77 81 95 45 76 06 93 31 26 65 07 39 87 62 09 53 
26     41 20 14 40 68 90 08 70 80 27 32 19 55 38 94 33 46 36 34 25 30 17 10 47 21 98 18 29 57 11 82 67 84 60 77 81 95 45 76 06 93 31 26 65 07 39 87 62 09 53 
08     41 20 14 40 68 90 08 70 80 27 32 19 55 38 94 33 46 36 34 25 30 17 10 47 21 98 18 29 57 11 82 67 84 60 77 81 95 45 76 06 93 31 26 65 07 39 87 62 09 53 
54 F   41 20 14 40 68 90 08 70 80 27 32 19 55 38 94 33 46 36 34 25 30 17 10 47 21 98 54 29 57 11 82 67 84 60 77 81 95 45 76 06 93 31 26 65 07 39 87 62 09 53 
63 F   41 20 14 40 68 90 08 70 80 27 32 19 55 38 94 33 46 63 34 25 30 17 10 47 21 98 54 29 57 11 82 67 84 60 77 81 95 45 76 06 93 31 26 65 07 39 87 62 09 53 
22 F   41 20 14 40 68 90 08 70 80 27 32 19 55 38 94 33 46 63 34 25 30 17 10 47 21 98 54 29 57 11 82 67 84 60 22 81 95 45 76 06 93 31 26 65 07 39 87 62 09 53 
18 F   18 20 14 40 68 90 08 70 80 27 32 19 55 38 94 33 46 63 34 25 30 17 10 47 21 98 54 29 57 11 82 67 84 60 22 81 95 45 76 06 93 31 26 65 07 39 87 62 09 53 
07     18 20 14 40 68 90 08 70 80 27 32 19 55 38 94 33 46 63 34 25 30 17 10 47 21 98 54 29 57 11 82 67 84 60 22 81 95 45 76 06 93 31 26 65 07 39 87 62 09 53 
86 F   18 20 14 40 86 90 08 70 80 27 32 19 55 38 94 33 46 63 34 25 30 17 10 47 21 98 54 29 57 11 82 67 84 60 22 81 95 45 76 06 93 31 26 65 07 39 87 62 09 53 
86     18 20 14 40 86 90 08 70 80 27 32 19 55 38 94 33 46 63 34 25 30 17 10 47 21 98 54 29 57 11 82 67 84 60 22 81 95 45 76 06 93 31 26 65 07 39 87 62 09 53 
86     18 20 14 40 86 90 08 70 80 27 32 19 55 38 94 33 46 63 34 25 30 17 10 47 21 98 54 29 57 11 82 67 84 60 22 81 95 45 76 06 93 31 26 65 07 39 87 62 09 53 
68 F   18 20 14 40 86 90 08 70 80 27 32 19 55 38 68 33 46 63 34 25 30 17 10 47 21 98 54 29 57 11 82 67 84 60 22 81 95 45 76 06 93 31 26 65 07 39 87 62 09 53 
22     18 20 14 40 86 90 08 70 80 27 32 19 55 38 68 33 46 63 34 25 30 17 10 47 21 98 54 29 57 11 82 67 84 60 22 81 95 45 76 06 93 31 26 65 07 39 87 62 09 53 
75 F   18 20 75 40 86 90 08 70 80 27 32 19 55 38 68 33 46 63 34 25 30 17 10 47 21 98 54 29 57 11 82 67 84 60 22 81 95 45 76 06 93 31 26 65 07 39 87 62 09 53 
79 F   18 20 75 40 86 90 08 70 80 27 32 19 55 38 68 33 46 63 34 25 30 17 10 79 21 98 54 29 57 11 82 67 84 60 22 81 95 45 76 06 93 31 26 65 07 39 87 62 09 53 
78 F   18 20 75 40 86 90 08 70 80 27 32 19 55 38 68 33 46 63 34 25 30 17 78 79 21 98 54 29 57 11 82 67 84 60 22 81 95 45 76 06 93 31 26 65 07 39 87 62 09 53 
68     18 20 75 40 86 90 08 70 80 27 32 19 55 38 68 33 46 63 34 25 30 17 78 79 21 98 54 29 57 11 82 67 84 60 22 81 95 45 76 06 93 31 26 65 07 39 87 62 09 53 
58 F   18 20 75 40 86 90 08 70 80 27 32 19 55 38 68 33 46 63 34 25 30 17 78 79 21 98 54 29 57 11 82 67 84 60 22 81 95 45 76 06 93 31 26 65 07 39 87 58 09 53 
56 F   18 20 75 40 86 90 08 70 80 27 32 19 56 38 68 33 46 63 34 25 30 17 78 79 21 98 54 29 57 11 82 67 84 60 22 81 95 45 76 06 93 31 26 65 07 39 87 58 09 53 
62 F   18 20 75 40 86 90 08 70 80 27 32 19 56 38 68 33 46 63 34 25 30 17 78 79 21 98 54 29 57 11 82 67 84 60 22 62 95 45 76 06 93 31 26 65 07 39 87 58 09 53 
45     18 20 75 40 86 90 08 70 80 27 32 19 56 38 68 33 46 63 34 25 30 17 78 79 21 98 54 29 57 11 82 67 84 60 22 62 95 45 76 06 93 31 26 65 07 39 87 58 09 53 
07     18 20 75 40 86 90 08 70 80 27 32 19 56 38 68 33 46 63 34 25 30 17 78 79 21 98 54 29 57 11 82 67 84 60 22 62 95 45 76 06 93 31 26 65 07 39 87 58 09 53 
62     18 20 75 40 86 90 08 70 80 27 32 19 56 38 68 33 46 63 34 25 30 17 78 79 21 98 54 29 57 11 82 67 84 60 22 62 95 45 76 06 93 31 26 65 07 39 87 58 09 53 
39     18 20 75 40 86 90 08 70 80 27 32 19 56 38 68 33 46 63 34 25 30 17 78 79 21 98 54 29 57 11 82 67 84 60 22 62 95 45 76 06 93 31 26 65 07 39 87 58 09 53 
04 F   18 20 75 40 86 90 08 70 80 27 32 19 56 38 68 33 46 63 34 25 30 17 78 79 21 04 54 29 57 11 82 67 84 60 22 62 95 45 76 06 93 31 26 65 07 39 87 58 09 53 
43 F   18 20 75 40 86 90 08 70 80 27 32 19 56 38 68 33 46 63 34 25 30 17 78 79 21 04 54 29 57 11 82 67 84 43 22 62 95 45 76 06 93 31 26 65 07 39 87 58 09 53 
04     18 20 75 40 86 90 08 70 80 27 32 19 56 38 68 33 46 63 34 25 30 17 78 79 21 04 54 29 57 11 82 67 84 43 22 62 95 45 76 06 93 31 26 65 07 39 87 58 09 53 
40     18 20 75 40 86 90 08 70 80 27 32 19 56 38 68 33 46 63 34 25 30 17 78 79 21 04 54 29 57 11 82 67 84 43 22 62 95 45 76 06 93 31 26 65 07 39 87 58 09 53 
98 F   18 20 75 40 86 90 08 70 80 27 32 19 56 38 68 33 46 63 34 25 30 17 78 79 21 04 54 29 57 11 82 67 84 43 22 62 95 45 76 06 93 31 26 98 07 39 87 58 09 53 
24 F   18 20 75 40 86 90 08 70 80 27 32 19 56 38 68 33 46 63 34 25 30 17 78 79 21 04 54 29 57 11 82 67 84 43 22 62 95 45 76 06 93 31 26 98 07 39 87 58 24 53 
16 F   18 20 75 40 86 90 08 70 80 27 32 19 56 38 68 33 46 63 34 25 30 17 78 79 21 04 54 29 57 11 82 67 84 43 22 62 95 45 16 06 93 31 26 98 07 39 87 58 24 53 
69 F   18 20 75 40 86 90 08 70 80 27 32 19 56 38 68 33 46 63 34 25 30 17 78 79 21 04 54 29 57 11 82 67 84 43 22 62 95 45 16 06 69 31 26 98 07 39 87 58 24 53 
94 F   18 20 75 40 86 90 08 70 80 27 32 19 56 38 68 33 46 63 34 25 30 17 78 79 21 04 54 29 57 11 82 67 84 43 22 62 95 45 16 06 69 31 26 98 07 39 94 58 24 53 
90     18 20 75 40 86 90 08 70 80 27 32 19 56 38 68 33 46 63 34 25 30 17 78 79 21 04 54 29 57 11 82 67 84 43 22 62 95 45 16 06 69 31 26 98 07 39 94 58 24 53 
85 F   18 20 75 40 86 90 08 70 80 85 32 19 56 38 68 33 46 63 34 25 30 17 78 79 21 04 54 29 57 11 82 67 84 43 22 62 95 45 16 06 69 31 26 98 07 39 94 58 24 53 
53     18 20 75 40 86 90 08 70 80 85 32 19 56 38 68 33 46 63 34 25 30 17 78 79 21 04 54 29 57 11 82 67 84 43 22 62 95 45 16 06 69 31 26 98 07 39 94 58 24 53 
19     18 20 75 40 86 90 08 70 80 85 32 19 56 38 68 33 46 63 34 25 30 17 78 79 21 04 54 29 57 11 82 67 84 43 22 62 95 45 16 06 69 31 26 98 07 39 94 58 24 53 
68     18 20 75 40 86 90 08 70 80 85 32 19 56 38 68 33 46 63 34 25 30 17 78 79 21 04 54 29 57 11 82 67 84 43 22 62 95 45 16 06 69 31 26 98 07 39 94 58 24 53 
08     18 20 75 40 86 90 08 70 80 85 32 19 56 38 68 33 46 63 34 25 30 17 78 79 21 04 54 29 57 11 82 67 84 43 22 62 95 45 16 06 69 31 26 98 07 39 94 58 24 53 
90     18 20 75 40 86 90 08 70 80 85 32 19 56 38 68 33 46 63 34 25 30 17 78 79 21 04 54 29 57 11 82 67 84 43 22 62 95 45 16 06 69 31 26 98 07 39 94 58 24 53 
89 F   18 20 75 40 86 90 08 70 80 85 32 19 56 38 68 33 46 63 34 25 30 17 78 79 21 04 54 29 57 11 82 89 84 43 22 62 95 45 16 06 69 31 26 98 07 39 94 58 24 53 
92 F   18 20 75 40 86 90 08 70 80 85 32 19 56 38 68 33 92 63 34 25 30 17 78 79 21 04 54 29 57 11 82 89 84 43 22 62 95 45 16 06 69 31 26 98 07 39 94 58 24 53 
91 F   18 20 75 40 86 90 08 70 80 85 32 19 56 38 68 33 92 63 34 25 30 17 78 79 21 04 54 29 57 91 82 89 84 43 22 62 95 45 16 06 69 31 26 98 07 39 94 58 24 53 
70     18 20 75 40 86 90 08 70 80 85 32 19 56 38 68 33 92 63 34 25 30 17 78 79 21 04 54 29 57 91 82 89 84 43 22 62 95 45 16 06 69 31 26 98 07 39 94 58 24 53 
97 F   18 20 75 40 86 90 08 70 80 85 32 19 56 38 68 33 92 63 34 25 30 97 78 79 21 04 54 29 57 91 82 89 84 43 22 62 95 45 16 06 69 31 26 98 07 39 94 58 24 53 
82     18 20 75 40 86 90 08 70 80 85 32 19 56 38 68 33 92 63 34 25 30 97 78 79 21 04 54 29 57 91 82 89 84 43 22 62 95 45 16 06 69 31 26 98 07 39 94 58 24 53 
86     18 20 75 40 86 90 08 70 80 85 32 19 56 38 68 33 92 63 34 25 30 97 78 79 21 04 54 29 57 91 82 89 84 43 22 62 95 45 16 06 69 31 26 98 07 39 94 58 24 53 
99 F   18 20 75 40 86 90 08 70 80 85 32 19 56 38 68 33 92 63 34 25 30 97 78 79 21 04 54 99 57 91 82 89 84 43 22 62 95 45 16 06 69 31 26 98 07 39 94 58 24 53 
35 F   18 20 75 40 86 90 08 70 80 85 32 19 56 38 68 33 92 63 34 25 30 97 78 79 21 04 54 99 57 91 82 89 84 43 22 62 95 45 16 35 69 31 26 98 07 39 94 58 24 53 
50 F   18 20 75 40 86 90 08 70 80 85 32 19 56 50 68 33 92 63 34 25 30 97 78 79 21 04 54 99 57 91 82 89 84 43 22 62 95 45 16 35 69 31 26 98 07 39 94 58 24 53 
94     18 20 75 40 86 90 08 70 80 85 32 19 56 50 68 33 92 63 34 25 30 97 78 79 21 04 54 99 57 91 82 89 84 43 22 62 95 45 16 35 69 31 26 98 07 39 94 58 24 53 
05 F   18 20 75 40 86 90 08 70 80 85 32 19 56 50 68 33 92 63 34 25 30 97 78 79 05 04 54 99 57 91 82 89 84 43 22 62 95 45 16 35 69 31 26 98 07 39 94 58 24 53 
69     18 20 75 40 86 90 08 70 80 85 32 19 56 50 68 33 92 63 34 25 30 97 78 79 05 04 54 99 57 91 82 89 84 43 22 62 95 45 16 35 69 31 26 98 07 39 94 58 24 53 
31     18 20 75 40 86 90 08 70 80 85 32 19 56 50 68 33 92 63 34 25 30 97 78 79 05 04 54 99 57 91 82 89 84 43 22 62 95 45 16 35 69 31 26 98 07 39 94 58 24 53 
-------------------------------------
Number of page faults = 167
